0.000000 0.000000 0.000000 0.000000 0.000000 0.000000 0.000000 0.000000 0.000000 0.000000 0.000000 0.000000 0.000000 0.000000 0.000000 0.000000 0.000000 0.000000 0.000000 0.000000 0.000000 0.000000 0.000000 0.000000 0.000000 0.000000 0.000000 0.000000 0.000000 0.000000 0.000000 0.000000 0.000000 0.000000 0.000000 0.000000 0.000000 0.000000 0.000000 0.000000 0.000000 0.000000 0.000000 0.000000 0.000000 0.000000 0.000000 0.000000 0.000000 0.000000 0.000000 0.000000 0.000000 0.000000 0.000000 0.000000 0.000000 0.000000 0.000000 0.000000 0.000000 0.000000 0.000000 0.000000 0.000000 0.000000 0.000000 0.000000 0.000000 0.000000 0.000000 0.000000 0.000000 0.000000 0.000000 0.000000 0.000000 0.000000 0.000000 0.000000 0.000000 0.000000 0.000000 0.000000 0.000000 0.000000 0.000000 0.000000 0.000000 0.000000 0.000000 0.000000 0.000000 0.000000 0.000000 0.000000 0.000000 0.000000 0.000000 0.000000 
0.000000 1.122405 2.205578 3.185491 4.071561 4.803022 5.436082 5.923595 6.345498 6.661523 6.952712 7.175951 7.404188 7.587242 7.791459 7.960025 8.157133 8.320975 8.516792 8.678894 8.875045 9.036157 9.233020 9.393301 9.590949 9.750425 9.948871 10.107547 10.306791 10.464668 10.664712 10.821789 11.022633 11.178910 11.380553 11.536032 11.738474 11.893153 12.096395 12.250274 12.454315 12.607395 12.812236 12.964517 13.170157 13.321638 13.528077 13.678759 13.885998 14.035880 14.243919 14.393002 14.601839 14.750123 14.959760 15.107244 15.317681 15.464365 15.675601 15.821487 16.033522 16.178608 16.391443 16.535729 16.749363 16.892850 17.107284 17.249972 17.465205 17.607093 17.823125 17.964214 18.181046 18.321335 18.538965 18.678452 18.896874 19.035537 19.254702 19.392410 19.612024 19.748035 19.966568 20.097398 20.308184 20.420123 20.599062 20.647813 20.723986 20.594521 20.402493 19.862925 19.109962 17.820417 16.149813 13.810058 11.018738 7.636468 3.938166 0.000000 
0.000000 2.205578 4.302739 6.257750 7.945250 9.430531 10.611567 11.624185 12.390035 13.065879 13.577208 14.069841 14.458533 14.872634 15.213213 15.600674 15.925079 16.305870 16.624950 17.005248 17.322003 17.703377 18.018495 18.401278 18.714891 19.099143 19.411273 19.797003 20.107654 20.494863 20.804034 21.192723 21.500414 21.890582 22.196794 22.588442 22.893174 23.286301 23.589555 23.984161 24.285935 24.682021 24.982315 25.379880 25.678695 26.077740 26.375075 26.775600 27.071456 27.473459 27.767836 28.171319 28.464216 28.869179 29.160596 29.567038 29.856976 30.264898 30.553356 30.962758 31.249737 31.660617 31.946117 32.358477 32.642497 33.056336 33.338877 33.754196 34.035257 34.452056 34.731637 35.149915 35.428017 35.847774 36.124395 36.545625 36.820750 37.243418 37.516943 37.940812 38.212111 38.635842 38.901713 39.318936 39.565564 39.950931 40.128955 40.399569 40.365512 40.303296 39.727050 38.885662 37.192988 34.904675 31.414363 27.064181 21.422720 14.971701 7.654331 0.000000 
0.000000 3.185491 6.257750 9.039633 11.549901 13.626586 15.416238 16.800202 17.988620 18.885632 19.701830 20.335501 20.972299 21.492103 22.060259 22.539215 23.086835 23.552689 24.096313 24.557546 25.101799 25.560541 26.106495 26.563194 27.111058 27.565792 28.115601 28.568383 29.120142 29.570973 30.124682 30.573563 31.129223 31.576153 32.133763 32.578743 33.138303 33.581333 34.142844 34.583923 35.147384 35.586513 36.151925 36.589103 37.156465 37.591693 38.161006 38.594283 39.165546 39.596873 40.170086 40.599463 41.174627 41.602053 42.179167 42.604643 43.183708 43.607233 44.188248 44.609823 45.192789 45.612413 46.197329 46.615003 47.201869 47.617593 48.206410 48.620183 49.210950 49.622773 50.215491 50.625363 51.220031 51.627952 52.224567 52.630529 53.229073 53.633018 54.233355 54.634909 55.236209 55.633289 56.231252 56.614045 57.189919 57.519828 58.005812 58.158085 58.354657 58.005296 57.447013 55.942701 53.806029 50.188873 45.470589 38.893681 31.023510 21.506681 11.087959 0.000000 
0.000000 4.071561 7.945250 11.549901 14.667452 17.399783 19.581349 21.436598 22.850673 24.081086 25.024818 25.915139 26.632527 27.376781 28.005717 28.700054 29.299631 29.981048 30.571341 31.251277 31.837835 32.519195 33.103290 33.786692 34.368568 35.054122 35.633820 36.321543 36.899069 37.588963 38.164317 38.856383 39.429565 40.123802 40.694813 41.391222 41.960062 42.658642 43.225310 43.926062 44.490558 45.193482 45.755807 46.460902 47.021055 47.728322 48.286303 48.995742 49.551551 50.263161 50.816800 51.530581 52.082048 52.798001 53.347296 54.065421 54.612545 55.332841 55.877793 56.600261 57.143041 57.867681 58.408289 59.135101 59.673538 60.402520 60.938786 61.669940 62.204034 62.937360 63.469282 64.204780 64.734530 65.472198 65.999773 66.739603 67.264976 68.006901 68.529883 69.273472 69.792922 70.535736 71.045811 71.776240 72.251734 72.923580 73.274401 73.736555 73.700769 73.555691 72.530469 70.964532 67.900814 63.697026 57.349457 49.387965 39.108296 27.320780 13.973294 0.000000 
0.000000 4.803022 9.430531 13.626586 17.399783 20.531714 23.211382 25.297256 27.064992 28.415559 29.618635 30.571877 31.502467 32.284360 33.110226 33.831161 34.625144 35.327069 36.114207 36.809941 37.597235 38.289998 39.079070 39.769537 40.560702 41.248994 42.042305 42.728440 43.523905 44.207884 45.005504 45.687329 46.487103 47.166773 47.968702 48.646217 49.450301 50.125662 50.931900 51.605106 52.413499 53.084550 53.895098 54.563995 55.376697 56.043439 56.858296 57.522884 58.339895 59.002328 59.821494 60.481772 61.303093 61.961217 62.784692 63.440661 64.266291 64.920106 65.747890 66.399550 67.229489 67.878994 68.711088 69.358439 70.192687 70.837883 71.674286 72.317327 73.155885 73.796772 74.637484 75.276216 76.119082 76.755658 77.600676 78.235084 79.082224 79.714379 80.563440 81.192788 82.042540 82.665990 83.510063 84.113054 84.923656 85.448896 86.125534 86.387794 86.634695 86.152748 85.279934 83.083043 79.869830 74.533858 67.493918 57.757921 46.048494 31.937375 16.457817 0.000000 
0.000000 5.436082 10.611567 15.416238 19.581349 23.211382 26.123805 28.573942 30.458861 32.068580 33.324061 34.476068 35.429128 36.384056 37.219520 38.106483 38.903560 39.772223 40.557817 41.423531 42.205078 43.071743 43.850947 44.719389 45.496579 46.366946 47.142175 48.014491 48.787768 49.662035 50.433359 51.309579 52.078951 52.957122 53.724543 54.604666 55.370134 56.252209 57.015726 57.899753 58.661318 59.547297 60.306910 61.194840 61.952501 62.842384 63.598093 64.489928 65.243685 66.137471 66.889277 67.785015 68.534868 69.432558 70.180460 71.080102 71.826052 72.727646 73.471643 74.375189 75.117235 76.022733 76.762827 77.670277 78.408419 79.317820 80.054010 80.965364 81.699602 82.612907 83.345194 84.260451 84.990785 85.907992 86.636369 87.555516 88.281901 89.202901 89.927047 90.849334 91.569748 92.490135 93.199164 94.102465 94.767091 95.592876 96.095037 96.645611 96.641949 96.397176 95.097161 92.992542 89.019779 83.463498 75.182565 64.711371 51.267638 35.796746 18.317553 0.000000 
0.000000 5.923595 11.624185 16.800202 21.436598 25.297256 28.573942 31.140581 33.283928 34.940990 36.382465 37.548457 38.650798 39.605598 40.576995 41.457334 42.388155 43.245985 44.167286 45.018481 45.938940 46.787489 47.709116 48.555855 49.479043 50.324119 51.248933 52.092370 53.018819 53.860619 54.788704 55.628868 56.558589 57.397117 58.328474 59.165366 60.098359 60.933615 61.868245 62.701864 63.638130 64.470113 65.408015 66.238362 67.177900 68.006611 68.947785 69.774860 70.717670 71.543109 72.487555 73.311358 74.257440 75.079607 76.027325 76.847856 77.797210 78.616105 79.567096 80.384354 81.336981 82.152602 83.106866 83.920851 84.876751 85.689100 86.646636 87.457349 88.416521 89.225598 90.186406 90.993847 91.956290 92.762093 93.726168 94.530320 95.495992 96.298389 97.265417 98.065391 99.032295 99.826123 100.785235 101.555365 102.473235 103.150589 103.906228 104.267393 104.504682 103.969028 102.857183 100.252953 96.322374 89.929427 81.391598 69.684556 55.528157 38.531151 19.845522 0.000000 
0.000000 6.345498 12.390035 17.988620 22.850673 27.064992 30.458861 33.283928 35.473187 37.308864 38.760456 40.056991 41.154669 42.218543 43.179226 44.162218 45.078866 46.039343 46.943528 47.899529 48.799976 49.756080 50.654789 51.611968 52.509324 53.467752 54.363818 55.323522 56.218307 57.179290 58.072796 59.035058 59.927284 60.890826 61.781772 62.746594 63.636261 64.602362 65.490749 66.458130 67.345237 68.313898 69.199726 70.169666 71.054214 72.025434 72.908702 73.881202 74.763191 75.736969 76.617679 77.592737 78.472167 79.448505 80.326656 81.304273 82.181144 83.160041 84.035632 85.015809 85.890121 86.871577 87.744609 88.727345 89.599097 90.583113 91.453586 92.438881 93.308074 94.294649 95.162562 96.150417 97.017050 98.006182 98.871530 99.861928 100.725950 101.717516 102.579932 103.572021 104.431134 105.420126 106.267226 107.235864 108.033370 108.912962 109.526456 110.092257 110.130689 109.791351 108.354065 105.899394 101.417526 95.038283 85.646157 73.680819 58.399956 40.757004 20.865407 0.000000 
0.000000 6.661523 13.065879 18.885632 24.081086 28.415559 32.068580 34.940990 37.308864 39.153604 40.725485 42.015768 43.202653 44.255003 45.292704 46.261757 47.252610 48.197121 49.176285 50.114204 51.091504 52.027342 53.005051 53.939753 54.918316 55.852050 56.831540 57.764331 58.744759 59.676610 60.657978 61.588889 62.571196 63.501168 64.484414 65.413448 66.397632 67.325727 68.310851 69.238006 70.224069 71.150285 72.137287 73.062564 74.050505 74.974843 75.963723 76.887122 77.876942 78.799401 79.790160 80.711680 81.703378 82.623959 83.616596 84.536238 85.529815 86.448518 87.443033 88.360797 89.356251 90.273076 91.269469 92.185355 93.182687 94.097634 95.095906 96.009913 97.009124 97.922192 98.922342 99.834471 100.835559 101.746747 102.748770 103.659002 104.661921 105.571085 106.574637 107.482002 108.484571 109.386067 110.379281 111.255717 112.203039 112.978864 113.748133 114.178935 114.381103 113.831494 112.558947 109.746227 105.393622 98.433812 89.048233 76.268587 60.748222 42.169913 21.710561 0.000000 
0.000000 6.952712 13.577208 19.701830 25.024818 29.618635 33.324061 36.382465 38.760456 40.725485 42.290791 43.659788 44.835570 45.946965 46.972436 47.993794 48.971469 49.967218 50.931912 51.921958 52.883293 53.872692 54.832871 55.822693 56.782143 57.772580 58.731369 59.722452 60.680590 61.672321 62.629810 63.622191 64.579029 65.572060 66.528249 67.521930 68.477469 69.471799 70.426689 71.421668 72.375909 73.371538 74.325129 75.321407 76.274348 77.271277 78.223568 79.221146 80.172788 81.171015 82.122008 83.120885 84.071228 85.070754 86.020448 87.020624 87.969668 88.970493 89.918887 90.920362 91.868107 92.870232 93.817327 94.820101 95.766547 96.769971 97.715767 98.719840 99.664987 100.669709 101.614206 102.619579 103.563425 104.569445 105.512637 106.519291 107.461784 108.468969 109.410465 110.417497 111.356191 112.359222 113.285850 114.266539 115.141119 116.026452 116.705942 117.257011 117.325182 116.913343 115.411307 112.750075 108.006979 101.173396 91.201093 78.430412 62.183536 43.382153 22.216514 0.000000 
0.000000 7.175951 14.069841 20.335501 25.915139 30.571877 34.476068 37.548457 40.056991 42.015768 43.659788 45.017980 46.243610 47.344409 48.407571 49.418648 50.430388 51.415450 52.413914 53.392424 54.388271 55.365118 56.360817 57.337025 58.333056 59.308807 60.305251 61.280573 62.277440 63.252337 64.249628 65.224100 66.221816 67.195864 68.194005 69.167627 70.166193 71.139390 72.138381 73.111154 74.110570 75.082917 76.082758 77.054681 78.054946 79.026444 80.027134 80.998207 81.999323 82.969971 83.971511 84.941734 85.943699 86.913498 87.915888 88.885261 89.888076 90.857025 91.860264 92.828788 93.832453 94.800551 95.804641 96.772315 97.776829 98.744078 99.749017 100.715842 101.721206 102.687605 103.693394 104.659368 105.665582 106.631129 107.637762 108.602867 109.609880 110.574426 111.581544 112.544767 113.550305 114.507955 115.503174 116.435208 117.381974 118.209467 118.969826 119.437418 119.605248 119.048966 117.676808 114.755953 110.168100 102.912878 93.071343 79.731446 63.488037 44.082167 22.688925 0.000000 
0.000000 7.404188 14.458533 20.972299 26.632527 31.502467 35.429128 38.650798 41.154669 43.202653 44.835570 46.243610 47.459290 48.590525 49.645465 50.679677 51.683801 52.690109 53.680747 54.680505 55.667975 56.666605 57.653269 58.651920 59.638234 60.637112 61.623150 62.622288 63.608061 64.607461 65.592970 66.592635 67.577880 68.577808 69.562790 70.562981 71.547699 72.548154 73.532609 74.533328 75.517519 76.518501 77.502428 78.503674 79.487338 80.488848 81.472248 82.474021 83.457157 84.459194 85.442067 86.444367 87.426977 88.429541 89.411886 90.414714 91.396796 92.399887 93.381706 94.385061 95.366615 96.370234 97.351525 98.355407 99.336435 100.340581 101.321344 102.325754 103.306254 104.310927 105.291163 106.296100 107.276072 108.281271 109.260973 110.266419 111.245808 112.251395 113.230162 114.235185 115.211467 116.211957 117.176193 118.153229 119.064149 119.942406 120.652349 121.185343 121.264573 120.803711 119.262097 116.480086 111.592013 104.505095 94.216578 81.004900 64.234436 44.803538 22.948359 0.000000 
0.000000 7.587242 14.872634 21.492103 27.376781 32.284360 36.384056 39.605598 42.218543 44.255003 45.946965 47.344409 48.590525 49.714273 50.787085 51.815621 52.833381 53.834520 54.837848 55.832310 56.832554 57.825543 58.825332 59.817938 60.817784 61.810200 62.810188 63.802444 64.802587 65.794687 66.794985 67.786929 68.787382 69.779171 70.779780 71.771413 72.772177 73.763655 74.764575 75.755897 76.756973 77.748139 78.749370 79.740381 80.741768 81.732623 82.734166 83.724865 84.726563 85.717107 86.718961 87.709349 88.711359 89.701591 90.703756 91.693833 92.696154 93.686075 94.688552 95.678317 96.680949 97.670559 98.673347 99.662801 100.665745 101.655043 102.658142 103.647285 104.650540 105.639527 106.642938 107.631769 108.635334 109.624008 110.627724 111.616224 112.620050 113.608256 114.611910 115.599042 116.600798 117.582500 118.573409 119.529146 120.470152 121.319058 122.068862 122.549270 122.691900 122.123380 120.688391 117.696869 112.967951 105.534277 95.424333 81.753660 65.087645 45.197413 23.259633 0.000000 
0.000000 7.791459 15.213213 22.060259 28.005717 33.110226 37.219520 40.576995 43.179226 45.292704 46.972436 48.407571 49.645465 50.787085 51.854878 52.893495 53.907644 54.916501 55.916555 56.918280 57.915168 58.915506 59.911733 60.911901 61.907948 62.908166 63.904113 64.904414 65.900271 66.900659 67.896428 68.896904 69.892586 70.893149 71.888743 72.889394 73.884900 74.885639 75.881057 76.881884 77.877215 78.878129 79.873372 80.874374 81.869529 82.870619 83.865686 84.866864 85.861844 86.863109 87.858001 88.859354 89.854158 90.855599 91.850315 92.851844 93.846473 94.848089 95.842630 96.844334 97.838787 98.840579 99.834944 100.836824 101.831102 102.833069 103.827259 104.829314 105.823416 106.825559 107.819573 108.821804 109.815730 110.818046 111.811878 112.814266 113.807959 114.810310 115.803549 116.805144 117.796030 118.792821 119.771602 120.744294 121.668874 122.540651 123.260402 123.779893 123.856426 123.362174 121.785356 118.923753 113.932973 106.681017 96.180332 82.682478 65.567616 45.728476 23.423664 0.000000 
0.000000 7.960025 15.600674 22.539215 28.700054 33.831161 38.106483 41.457334 44.162218 46.261757 47.993794 49.418648 50.679677 51.815621 52.893495 53.929011 54.948623 55.955324 56.959577 57.959344 58.960224 59.958551 60.958834 61.956873 62.957099 63.955055 64.955314 65.953218 66.953523 67.951379 68.951731 69.949540 70.949939 71.947700 72.948147 73.945861 74.946355 75.944021 76.944563 77.942182 78.942771 79.940343 80.940980 81.938503 82.939188 83.936664 84.937396 85.934824 86.935604 87.932985 88.933812 89.931146 90.932020 91.929306 92.930228 93.927467 94.928436 95.925628 96.926644 97.923788 98.924852 99.921949 100.923060 101.920109 102.921268 103.918270 104.919476 105.916431 106.917684 107.914591 108.915892 109.912751 110.914100 111.910909 112.912299 113.909043 114.910435 115.906991 116.908096 117.903669 118.902734 119.892894 120.880813 121.844668 122.781711 123.636985 124.379411 124.859867 124.984510 124.397810 122.917440 119.865410 115.034055 107.462003 97.156601 83.237816 66.263401 46.014946 23.678786 0.000000 
0.000000 8.157133 15.925079 23.086835 29.299631 34.625144 38.903560 42.388155 45.078866 47.252610 48.971469 50.430388 51.683801 52.833381 53.907644 54.948623 55.966435 56.975988 57.979016 58.980988 59.980748 60.981191 61.980321 62.980518 63.979527 64.979707 65.978678 66.978878 67.977823 68.978047 69.976967 70.977216 71.976111 72.976385 73.975255 74.975553 75.974398 76.974722 77.973542 78.973891 79.972686 80.973059 81.971830 82.972228 83.970974 84.971397 85.970118 86.970566 87.969261 88.969734 89.968405 90.968903 91.967549 92.968072 93.966693 94.967240 95.965837 96.966409 97.964981 98.965578 99.964124 100.964746 101.963268 102.963915 103.962412 104.963084 105.961556 106.962252 107.960700 108.961421 109.959843 110.960589 111.958986 112.959755 113.958121 114.958899 115.957188 116.957863 117.955756 118.955598 119.951165 120.946063 121.929396 122.899750 123.828080 124.695853 125.416148 125.925977 125.992840 125.472763 123.859888 120.934802 115.853342 108.468151 97.788445 84.058283 66.658054 46.486353 23.812194 0.000000 
0.000000 8.320975 16.305870 23.552689 29.981048 35.327069 39.772223 43.245985 46.039343 48.197121 49.967218 51.415450 52.690109 53.834520 54.916501 55.955324 56.975988 57.984543 58.989014 59.990313 60.991199 61.991021 62.991241 63.990797 64.990922 65.990427 66.990549 67.990037 68.990170 69.989644 70.989790 71.989252 72.989410 73.988859 74.989029 75.988466 76.988649 77.988073 78.988269 79.987680 80.987889 81.987287 82.987509 83.986894 84.987129 85.986502 86.986749 87.986109 88.986369 89.985716 90.985989 91.985323 92.985609 93.984930 94.985229 95.984537 96.984849 97.984144 98.984468 99.983751 100.984088 101.983359 102.983708 103.982966 104.983328 105.982573 106.982948 107.982180 108.982568 109.981787 110.982188 111.981394 112.981807 113.980998 114.981418 115.980578 116.980964 117.979969 118.980029 119.978072 120.976025 121.968608 122.955213 123.921127 124.856052 125.711776 126.449110 126.924371 127.034556 126.426517 124.907411 121.796670 116.875942 109.176580 98.699146 84.556603 67.309579 46.740962 24.051599 0.000000 
0.000000 8.516792 16.624950 24.096313 30.571341 36.114207 40.557817 44.167286 46.943528 49.176285 50.931912 52.413914 53.680747 54.837848 55.916555 56.959577 57.979016 58.989014 59.992947 60.994962 61.995482 62.995872 63.995750 64.995861 65.995631 66.995707 67.995456 68.995533 69.995274 70.995357 71.995091 72.995181 73.994908 74.995004 75.994725 76.994828 77.994542 78.994651 79.994359 80.994475 81.994176 82.994299 83.993993 84.994122 85.993809 86.993946 87.993626 88.993769 89.993443 90.993593 91.993260 92.993417 93.993077 94.993240 95.992894 96.993064 97.992711 98.992887 99.992528 100.992711 101.992345 102.992534 103.992162 104.992358 105.991979 106.992182 107.991796 108.992005 109.991612 110.991829 111.991429 112.991652 113.991245 114.991473 115.991053 116.991271 117.990792 118.990887 119.990024 120.989256 121.986051 122.980248 123.964649 124.933922 125.862531 126.727700 127.445236 127.947193 128.001711 127.458636 125.808738 122.825361 117.655885 110.146979 99.296904 85.349999 67.680459 47.197669 24.176401 0.000000 
0.000000 8.678894 17.005248 24.557546 31.251277 36.809941 41.423531 45.018481 47.899529 50.114204 51.921958 53.392424 54.680505 55.832310 56.918280 57.959344 58.980988 59.990313 60.994962 61.996686 62.997565 63.997748 64.997919 65.997835 66.997895 67.997767 68.997814 69.997678 70.997727 71.997586 72.997639 73.997495 74.997551 75.997403 76.997463 77.997311 78.997375 79.997219 80.997287 81.997128 82.997199 83.997036 84.997111 85.996944 86.997023 87.996853 88.996935 89.996761 90.996847 91.996669 92.996759 93.996577 94.996671 95.996486 96.996583 97.996394 98.996495 99.996302 100.996407 101.996211 102.996319 103.996119 104.996231 105.996027 106.996143 107.995935 108.996055 109.995844 110.995967 111.995752 112.995879 113.995660 114.995790 115.995565 116.995693 117.995446 118.995530 119.995135 120.994879 121.993517 122.991115 123.984224 124.970300 125.936365 126.870008 127.724302 128.457498 128.925851 129.022851 128.392285 126.836510 123.667146 118.660728 110.836541 100.193361 85.833006 68.322741 47.443518 24.412604 0.000000 
0.000000 8.875045 17.322003 25.101799 31.837835 37.597235 42.205078 45.938940 48.799976 51.091504 52.883293 54.388271 55.667975 56.832554 57.915168 58.960224 59.980748 60.991199 61.995482 62.997565 63.998277 64.998651 65.998695 66.998774 67.998710 68.998746 69.998665 70.998698 71.998612 72.998647 73.998559 74.998596 75.998506 76.998545 77.998452 78.998494 79.998399 80.998443 81.998345 82.998392 83.998292 84.998341 85.998239 86.998290 87.998185 88.998239 89.998132 90.998188 91.998078 92.998137 93.998025 94.998085 95.997972 96.998034 97.997918 98.997983 99.997865 100.997932 101.997811 102.997881 103.997758 104.997830 105.997705 106.997779 107.997651 108.997728 109.997598 110.997677 111.997544 112.997626 113.997491 114.997574 115.997436 116.997520 117.997374 118.997443 119.997241 120.997182 121.996595 122.995656 123.992698 124.986647 125.971123 126.939789 127.867683 128.730759 129.444576 129.939264 129.980623 129.415396 127.728064 124.687789 119.430744 111.800513 100.781943 86.622073 68.686870 47.898107 24.534889 0.000000 
0.000000 9.036157 17.703377 25.560541 32.519195 38.289998 43.071743 46.787489 49.756080 52.027342 53.872692 55.365118 56.666605 57.825543 58.915506 59.958551 60.981191 61.991021 62.995872 63.997748 64.998651 65.998918 66.999079 67.999067 68.999109 69.999054 70.999081 71.999019 72.999045 73.998981 74.999009 75.998943 76.998973 77.998905 78.998937 79.998867 80.998900 81.998829 82.998864 83.998791 84.998828 85.998753 86.998792 87.998716 88.998756 89.998678 90.998719 91.998640 92.998683 93.998602 94.998647 95.998564 96.998611 97.998526 98.998575 99.998488 100.998538 101.998450 102.998502 103.998412 104.998466 105.998374 106.998430 107.998336 108.998394 109.998298 110.998357 111.998260 112.998321 113.998222 114.998285 115.998184 116.998248 117.998143 118.998203 119.998077 120.998090 121.997817 122.997483 123.996232 124.993719 125.986862 126.972663 127.938383 128.871009 129.723383 130.452732 130.913720 130.997896 130.344461 128.752545 125.524490 120.433257 112.484701 101.677200 87.100248 69.328813 48.141002 24.771073 0.000000 
0.000000 9.233020 18.018495 26.106495 33.103290 39.079070 43.850947 47.709116 50.654789 53.005051 54.832871 56.360817 57.653269 58.825332 59.911733 60.958834 61.980321 62.991241 63.995750 64.997919 65.998695 66.999079 67.999157 68.999230 69.999196 70.999224 71.999173 72.999197 73.999142 74.999166 75.999110 76.999136 77.999079 78.999106 79.999047 80.999075 81.999015 82.999045 83.998983 84.999014 85.998951 86.998984 87.998919 88.998953 89.998887 90.998923 91.998855 92.998892 93.998823 94.998862 95.998791 96.998832 97.998759 98.998801 99.998728 100.998771 101.998696 102.998740 103.998664 104.998710 105.998632 106.998679 107.998600 108.998649 109.998568 110.998618 111.998536 112.998588 113.998504 114.998558 115.998472 116.998527 117.998439 118.998493 119.998398 120.998437 121.998286 122.998193 123.997652 124.996667 125.993723 126.987553 127.971868 128.940061 129.867003 130.728126 131.437995 131.925573 131.953572 131.366400 129.641512 126.544654 121.200090 113.449044 102.262315 87.890260 69.690094 48.596392 24.892237 0.000000 
0.000000 9.393301 18.401278 26.563194 33.786692 39.769537 44.719389 48.555855 51.611968 53.939753 55.822693 57.337025 58.651920 59.817938 60.911901 61.956873 62.980518 63.990797 64.995861 65.997835 66.998774 67.999067 68.999230 69.999232 70.999271 71.999228 72.999251 73.999201 74.999224 75.999172 76.999196 77.999143 78.999168 79.999113 80.999139 81.999083 82.999111 83.999054 84.999083 85.999024 86.999054 87.998994 88.999026 89.998965 90.998998 91.998935 92.998970 93.998905 94.998941 95.998876 96.998913 97.998846 98.998885 99.998817 100.998857 101.998787 102.998828 103.998757 104.998800 105.998728 106.998772 107.998698 108.998743 109.998668 110.998715 111.998639 112.998687 113.998609 114.998659 115.998579 116.998630 117.998549 118.998601 119.998517 120.998564 121.998459 122.998458 123.998204 124.997851 125.996605 126.994043 127.987114 128.972703 129.937970 130.869644 131.719991 132.445564 132.899086 132.970522 132.294137 130.666195 127.379419 122.203547 114.130689 103.159142 88.365805 70.333588 48.837553 25.129077 0.000000 
0.000000 9.590949 18.714891 27.111058 34.368568 40.560702 45.496579 49.479043 52.509324 54.918316 56.782143 58.333056 59.638234 60.817784 61.907948 62.957099 63.979527 64.990922 65.995631 66.997895 67.998710 68.999109 69.999196 70.999271 71.999241 72.999269 73.999222 74.999244 75.999194 76.999217 77.999165 78.999190 79.999137 80.999162 81.999108 82.999135 83.999079 84.999107 85.999050 86.999080 87.999021 88.999052 89.998992 90.999025 91.998964 92.998997 93.998935 94.998970 95.998906 96.998942 97.998877 98.998915 99.998848 100.998887 101.998820 102.998860 103.998791 104.998832 105.998762 106.998805 107.998733 108.998777 109.998704 110.998750 111.998676 112.998722 113.998647 114.998695 115.998618 116.998667 117.998589 118.998639 119.998559 120.998609 121.998521 122.998555 123.998410 124.998311 125.997772 126.996767 127.993792 128.987531 129.971639 130.939387 131.865330 132.724531 133.430406 133.910908 133.925506 133.316432 131.553960 128.400579 122.968496 115.096728 103.741893 89.157790 70.692775 49.294312 25.249391 0.000000 
0.000000 9.750425 19.099143 27.565792 35.054122 41.248994 46.366946 50.324119 53.467752 55.852050 57.772580 59.308807 60.637112 61.810200 62.908166 63.955055 64.979707 65.990427 66.995707 67.997767 68.998746 69.999054 70.999224 71.999228 72.999269 73.999227 74.999251 75.999201 76.999224 77.999173 78.999197 79.999145 80.999170 81.999116 82.999143 83.999088 84.999116 85.999059 86.999088 87.999031 88.999061 89.999002 90.999034 91.998974 92.999007 93.998945 94.998979 95.998917 96.998952 97.998888 98.998925 99.998859 100.998898 101.998831 102.998871 103.998802 104.998843 105.998774 106.998816 107.998745 108.998789 109.998717 110.998762 111.998688 112.998734 113.998660 114.998707 115.998631 116.998680 117.998603 118.998653 119.998574 120.998625 121.998542 122.998588 123.998485 124.998483 125.998228 126.997869 127.996609 128.994010 129.986989 130.972379 131.937173 132.867909 133.716209 134.438019 134.884057 134.942769 134.243418 132.579471 129.233967 123.973486 115.776334 104.640787 89.631094 71.338159 49.533956 25.487009 0.000000 
0.000000 9.948871 19.411273 28.115601 35.633820 42.042305 47.142175 51.248933 54.363818 56.831540 58.731369 60.305251 61.623150 62.810188 63.904113 64.955314 65.978678 66.990549 67.995456 68.997814 69.998665 70.999081 71.999173 72.999251 73.999222 74.999251 75.999203 76.999227 77.999176 78.999200 79.999147 80.999173 81.999119 82.999146 83.999091 84.999118 85.999062 86.999091 87.999034 88.999064 89.999005 90.999037 91.998977 92.999010 93.998948 94.998983 95.998920 96.998956 97.998892 98.998928 99.998863 100.998901 101.998835 102.998874 103.998806 104.998847 105.998778 106.998820 107.998749 108.998793 109.998721 110.998766 111.998693 112.998739 113.998664 114.998711 115.998636 116.998684 117.998607 118.998657 119.998579 120.998630 121.998549 122.998600 123.998511 124.998545 125.998400 126.998299 127.997754 128.996735 129.993721 130.987374 131.971267 132.938575 133.863511 134.720795 135.422670 135.896102 135.897291 135.266321 133.466260 130.256366 124.736765 116.744289 105.221355 90.425223 71.695377 49.992179 25.606516 0.000000 
0.000000 10.107547 19.797003 28.568383 36.321543 42.728440 48.014491 52.092370 55.323522 57.764331 59.722452 61.280573 62.622288 63.802444 64.904414 65.953218 66.978878 67.990037 68.995533 69.997678 70.998698 71.999019 72.999197 73.999201 74.999244 75.999201 76.999227 77.999176 78.999200 79.999148 80.999173 81.999120 82.999146 83.999092 84.999119 85.999063 86.999092 87.999035 88.999065 89.999006 90.999038 91.998978 92.999011 93.998950 94.998984 95.998921 96.998957 97.998893 98.998930 99.998864 100.998902 101.998836 102.998875 103.998808 104.998848 105.998779 106.998821 107.998751 108.998794 109.998722 110.998767 111.998694 112.998740 113.998666 114.998713 115.998637 116.998686 117.998609 118.998659 119.998580 120.998631 121.998552 122.998603 123.998520 124.998567 125.998463 126.998461 127.998203 128.997839 129.996562 130.993928 131.986813 132.972005 133.936324 134.866124 135.712373 136.430423 136.868974 136.914964 136.192645 134.492696 131.088462 125.743378 117.421932 106.122391 90.896347 72.342703 50.230339 25.844931 0.000000 
0.000000 10.306791 20.107654 29.120142 36.899069 43.523905 48.787768 53.018819 56.218307 58.744759 60.680590 62.277440 63.608061 64.802587 65.900271 66.953523 67.977823 68.990170 69.995274 70.997727 71.998612 72.999045 73.999142 74.999224 75.999194 76.999224 77.999176 78.999200 79.999148 80.999174 81.999120 82.999147 83.999092 84.999120 85.999063 86.999092 87.999035 88.999065 89.999007 90.999038 91.998978 92.999011 93.998950 94.998984 95.998922 96.998957 97.998893 98.998930 99.998865 100.998903 101.998836 102.998876 103.998808 104.998849 105.998780 106.998822 107.998751 108.998794 109.998723 110.998767 111.998694 112.998740 113.998666 114.998713 115.998638 116.998686 117.998609 118.998659 119.998581 120.998632 121.998552 122.998605 123.998523 124.998574 125.998485 126.998520 127.998372 128.998270 129.997718 130.996686 131.993631 132.987200 133.970876 134.937746 135.861674 136.717043 137.414914 137.881277 137.869056 137.216193 135.378541 132.112136 126.505016 118.391835 106.700801 91.692645 72.697968 50.690040 25.963638 0.000000 
0.000000 10.464668 20.494863 29.570973 37.588963 44.207884 49.662035 53.860619 57.179290 59.676610 61.672321 63.252337 64.607461 65.794687 66.900659 67.951379 68.978047 69.989644 70.995357 71.997586 72.998647 73.998981 74.999166 75.999172 76.999217 77.999173 78.999200 79.999148 80.999174 81.999120 82.999147 83.999092 84.999120 85.999064 86.999093 87.999035 88.999065 89.999007 90.999038 91.998978 92.999011 93.998950 94.998984 95.998922 96.998957 97.998893 98.998930 99.998865 100.998903 101.998836 102.998876 103.998808 104.998849 105.998780 106.998822 107.998751 108.998795 109.998723 110.998767 111.998695 112.998740 113.998666 114.998713 115.998638 116.998686 117.998609 118.998659 119.998581 120.998632 121.998553 122.998605 123.998524 124.998577 125.998492 126.998540 127.998435 128.998433 129.998171 130.997803 131.996509 132.993841 133.986631 134.971626 135.935469 136.864333 137.708531 138.422822 138.853884 138.887153 138.141866 136.405914 132.942951 127.513263 119.067524 107.603991 92.161596 73.347244 50.926719 26.202852 0.000000 
0.000000 10.664712 20.804034 30.124682 38.164317 45.005504 50.433359 54.788704 58.072796 60.657978 62.629810 64.249628 65.592970 66.794985 67.896428 68.951731 69.976967 70.989790 71.995091 72.997639 73.998559 74.999009 75.999110 76.999196 77.999165 78.999197 79.999147 80.999173 81.999120 82.999147 83.999092 84.999120 85.999064 86.999093 87.999035 88.999065 89.999007 90.999038 91.998978 92.999011 93.998950 94.998984 95.998922 96.998957 97.998893 98.998930 99.998865 100.998903 101.998837 102.998876 103.998808 104.998849 105.998780 106.998822 107.998751 108.998795 109.998723 110.998768 111.998695 112.998740 113.998666 114.998713 115.998638 116.998686 117.998609 118.998659 119.998581 120.998632 121.998553 122.998605 123.998524 124.998578 125.998495 126.998547 127.998456 128.998492 129.998343 130.998240 131.997680 132.996635 133.993540 134.987024 135.970483 136.936915 137.859835 138.713288 139.407156 139.866451 139.840820 139.166062 137.290820 133.967904 128.273265 120.039379 108.180245 92.960065 73.700558 51.387899 26.320759 0.000000 
0.000000 10.821789 21.192723 30.573563 38.856383 45.687329 51.309579 55.628868 59.035058 61.588889 63.622191 65.224100 66.592635 67.786929 68.896904 69.949540 70.977216 71.989252 72.995181 73.997495 74.998596 75.998943 76.999136 77.999143 78.999190 79.999145 80.999173 81.999120 82.999147 83.999092 84.999120 85.999064 86.999093 87.999035 88.999066 89.999007 90.999038 91.998978 92.999011 93.998950 94.998984 95.998922 96.998957 97.998893 98.998930 99.998865 100.998903 101.998837 102.998876 103.998808 104.998849 105.998780 106.998822 107.998751 108.998795 109.998723 110.998768 111.998695 112.998740 113.998666 114.998713 115.998638 116.998686 117.998610 118.998659 119.998581 120.998632 121.998553 122.998605 123.998524 124.998578 125.998496 126.998550 127.998464 128.998513 129.998406 130.998405 131.998140 132.997767 133.996456 134.993753 135.986448 136.971246 137.934613 138.862541 139.704688 140.415220 140.838794 140.859341 140.091086 138.319133 134.797439 129.283149 120.713116 109.085590 93.426845 74.351785 51.623100 26.560773 0.000000 
0.000000 11.022633 21.500414 31.129223 39.429565 46.487103 52.078951 56.558589 59.927284 62.571196 64.579029 66.221816 67.577880 68.787382 69.892586 70.949939 71.976111 72.989410 73.994908 74.997551 75.998506 76.998973 77.999079 78.999168 79.999137 80.999170 81.999119 82.999146 83.999092 84.999120 85.999064 86.999093 87.999035 88.999066 89.999007 90.999038 91.998978 92.999011 93.998950 94.998984 95.998922 96.998957 97.998893 98.998930 99.998865 100.998903 101.998837 102.998876 103.998808 104.998849 105.998780 106.998822 107.998751 108.998795 109.998723 110.998768 111.998695 112.998740 113.998666 114.998713 115.998638 116.998686 117.998610 118.998659 119.998581 120.998632 121.998553 122.998605 123.998524 124.998578 125.998496 126.998551 127.998466 128.998520 129.998428 130.998465 131.998313 132.998210 133.997642 134.996584 135.993448 136.986847 137.970091 138.936084 139.857996 140.709533 141.399398 141.851624 141.812583 141.115932 139.203100 135.823672 130.041514 121.686922 109.659690 94.227485 74.703148 52.085759 26.677880 0.000000 
0.000000 11.178910 21.890582 31.576153 40.123802 47.166773 52.957122 57.397117 60.890826 63.501168 65.572060 67.195864 68.577808 69.779171 70.893149 71.947700 72.976385 73.988859 74.995004 75.997403 76.998545 77.998905 78.999106 79.999113 80.999162 81.999116 82.999146 83.999092 84.999120 85.999064 86.999093 87.999035 88.999066 89.999007 90.999038 91.998978 92.999011 93.998950 94.998984 95.998922 96.998957 97.998893 98.998930 99.998865 100.998903 101.998837 102.998876 103.998808 104.998849 105.998780 106.998822 107.998751 108.998795 109.998723 110.998768 111.998695 112.998740 113.998666 114.998713 115.998638 116.998686 117.998610 118.998659 119.998581 120.998632 121.998553 122.998605 123.998524 124.998578 125.998496 126.998551 127.998467 128.998523 129.998436 130.998486 131.998377 132.998377 133.998108 134.997731 135.996403 136.993665 137.986265 138.970866 139.933757 140.860749 141.700845 142.407617 142.823703 142.831530 142.040305 140.232351 136.651928 131.053034 122.358707 110.567189 94.692093 75.356325 52.319480 26.918693 0.000000 
0.000000 11.380553 22.196794 32.133763 40.694813 47.968702 53.724543 58.328474 61.781772 64.484414 66.528249 68.194005 69.562790 70.779780 71.888743 72.948147 73.975255 74.989029 75.994725 76.997463 77.998452 78.998937 79.999047 80.999139 81.999108 82.999143 83.999091 84.999119 85.999063 86.999093 87.999035 88.999066 89.999007 90.999038 91.998978 92.999011 93.998950 94.998984 95.998922 96.998957 97.998893 98.998930 99.998865 100.998903 101.998837 102.998876 103.998808 104.998849 105.998780 106.998822 107.998751 108.998795 109.998723 110.998768 111.998695 112.998740 113.998666 114.998713 115.998638 116.998686 117.998610 118.998659 119.998581 120.998632 121.998553 122.998605 123.998524 124.998578 125.998496 126.998551 127.998468 128.998523 129.998438 130.998493 131.998399 132.998437 133.998284 134.998179 135.997604 136.996533 137.993356 138.986671 139.969698 140.935252 141.856156 142.705778 143.391640 143.836797 143.784347 143.065801 141.115379 137.679440 131.809763 123.334466 111.139134 95.494904 75.705738 52.783619 27.035001 0.000000 
0.000000 11.536032 22.588442 32.578743 41.391222 48.646217 54.604666 59.165366 62.746594 65.413448 67.521930 69.167627 70.562981 71.771413 72.889394 73.945861 74.975553 75.988466 76.994828 77.997311 78.998494 79.998867 80.999075 81.999083 82.999135 83.999088 84.999118 85.999063 86.999092 87.999035 88.999065 89.999007 90.999038 91.998978 92.999011 93.998950 94.998984 95.998922 96.998957 97.998893 98.998930 99.998865 100.998903 101.998837 102.998876 103.998808 104.998849 105.998780 106.998822 107.998751 108.998795 109.998723 110.998768 111.998695 112.998740 113.998666 114.998713 115.998638 116.998686 117.998610 118.998659 119.998581 120.998632 121.998553 122.998605 123.998524 124.998578 125.998496 126.998551 127.998468 128.998524 129.998439 130.998496 131.998407 132.998459 133.998348 134.998348 135.998076 136.997695 137.996349 138.993577 139.986081 140.970486 141.932900 142.858957 143.697003 144.400015 144.808613 144.803718 143.989525 142.145569 138.506416 132.822919 124.004299 112.048788 95.957341 76.360866 53.015860 27.276614 0.000000 
0.000000 11.738474 22.893174 33.138303 41.960062 49.450301 55.370134 60.098359 63.636261 66.397632 68.477469 70.166193 71.547699 72.772177 73.884900 74.946355 75.974398 76.988649 77.994542 78.997375 79.998399 80.998900 81.999015 82.999111 83.999079 84.999116 85.999062 86.999092 87.999035 88.999065 89.999007 90.999038 91.998978 92.999011 93.998950 94.998984 95.998922 96.998957 97.998893 98.998930 99.998865 100.998903 101.998837 102.998876 103.998808 104.998849 105.998780 106.998822 107.998751 108.998795 109.998723 110.998768 111.998695 112.998740 113.998666 114.998713 115.998638 116.998686 117.998610 118.998659 119.998581 120.998632 121.998553 122.998605 123.998524 124.998578 125.998496 126.998551 127.998468 128.998524 129.998439 130.998496 131.998410 132.998466 133.998371 134.998410 135.998254 136.998149 137.997567 138.996482 139.993264 140.986494 141.969305 142.934421 143.854317 144.702023 145.383882 145.821971 145.756110 145.015671 143.027658 139.535208 133.578012 124.982010 112.618579 96.762324 76.708328 53.481478 27.392123 0.000000 
0.000000 11.893153 23.286301 33.581333 42.658642 50.125662 56.252209 60.933615 64.602362 67.325727 69.471799 71.139390 72.548154 73.763655 74.885639 75.944021 76.974722 77.988073 78.994651 79.997219 80.998443 81.998829 82.999045 83.999054 84.999107 85.999059 86.999091 87.999035 88.999065 89.999007 90.999038 91.998978 92.999011 93.998950 94.998984 95.998922 96.998957 97.998893 98.998930 99.998865 100.998903 101.998837 102.998876 103.998808 104.998849 105.998780 106.998822 107.998751 108.998795 109.998723 110.998768 111.998695 112.998740 113.998666 114.998713 115.998638 116.998686 117.998610 118.998659 119.998581 120.998632 121.998553 122.998605 123.998524 124.998578 125.998496 126.998551 127.998468 128.998524 129.998439 130.998497 131.998411 132.998468 133.998379 134.998432 135.998319 136.998320 137.998044 138.997659 139.996296 140.993489 141.985898 142.970106 143.932044 144.857165 145.693160 146.392412 146.793523 146.775906 145.938745 144.058787 140.360904 134.592804 125.649891 113.530387 97.222589 77.365406 53.712240 27.634535 0.000000 
