0.000000 0.000000 0.000000 0.000000 0.000000 0.000000 0.000000 0.000000 0.000000 0.000000 0.000000 0.000000 0.000000 0.000000 0.000000 0.000000 0.000000 0.000000 0.000000 0.000000 0.000000 0.000000 0.000000 0.000000 0.000000 0.000000 0.000000 0.000000 0.000000 0.000000 0.000000 0.000000 0.000000 0.000000 0.000000 0.000000 0.000000 0.000000 0.000000 0.000000 0.000000 0.000000 0.000000 0.000000 0.000000 0.000000 0.000000 0.000000 0.000000 0.000000 0.000000 0.000000 0.000000 0.000000 0.000000 0.000000 0.000000 0.000000 0.000000 0.000000 0.000000 0.000000 0.000000 0.000000 0.000000 0.000000 0.000000 0.000000 0.000000 0.000000 0.000000 0.000000 0.000000 0.000000 0.000000 0.000000 0.000000 0.000000 0.000000 0.000000 0.000000 0.000000 0.000000 0.000000 0.000000 0.000000 0.000000 0.000000 0.000000 0.000000 0.000000 0.000000 0.000000 0.000000 0.000000 0.000000 0.000000 0.000000 0.000000 0.000000 
0.000000 3.034757 5.950933 8.554522 10.874163 12.726306 14.279703 15.394406 16.307650 16.904486 17.420651 17.738014 18.062018 18.259244 18.508892 18.663829 18.890321 19.032559 19.253512 19.392100 19.612443 19.749653 19.970530 20.106842 20.328474 20.463972 20.686398 20.821094 21.044319 21.178216 21.402240 21.535337 21.760161 21.892459 22.118081 22.249580 22.476002 22.606702 22.833923 22.963823 23.191843 23.320944 23.549764 23.678066 23.907685 24.035187 24.265606 24.392309 24.623526 24.749430 24.981447 25.106551 25.339368 25.463673 25.697288 25.820794 26.055209 26.177916 26.413130 26.535037 26.771051 26.892158 27.128971 27.249280 27.486892 27.606401 27.844813 27.963523 28.202733 28.320644 28.560654 28.677765 28.918575 29.034886 29.276493 29.392001 29.634396 29.749070 29.992182 30.105827 30.349223 30.460753 30.702191 30.806494 31.036195 31.113164 31.295780 31.280447 31.311957 31.035630 30.673397 29.796023 28.610703 26.633907 24.102326 20.585921 16.410188 11.365593 5.859061 0.000000 
0.000000 5.950933 11.574585 16.769955 21.158237 24.936214 27.797872 30.148496 31.759498 33.091763 33.937232 34.713885 35.191993 35.728683 36.064453 36.517729 36.807620 37.237763 37.514553 37.940214 38.212969 38.638889 38.909687 39.336873 39.606116 40.034750 40.302503 40.732611 40.998884 41.430471 41.695264 42.128331 42.391645 42.826191 43.088025 43.524050 43.784406 44.221910 44.480786 44.919770 45.177166 45.617630 45.873547 46.315489 46.569927 47.013349 47.266308 47.711209 47.962688 48.409068 48.659069 49.106928 49.355449 49.804788 50.051830 50.502648 50.748210 51.200507 51.444590 51.898367 52.140971 52.596227 52.837351 53.294086 53.533732 53.991946 54.230112 54.689806 54.926493 55.387666 55.622873 56.085525 56.319253 56.783383 57.015629 57.481231 57.711973 58.178993 58.408079 58.876169 59.102682 59.569880 59.789123 60.246087 60.437807 60.847371 60.939195 61.179814 60.961397 60.713332 59.700742 58.309593 55.661056 52.147801 46.864825 40.327829 31.892412 22.274383 11.383456 0.000000 
0.000000 8.554522 16.769955 24.113382 30.642809 35.871268 40.237399 43.389284 45.948827 47.642252 49.081369 49.987802 50.884660 51.452963 52.139843 52.589321 53.210614 53.624626 54.230001 54.634032 55.237385 55.637841 56.242395 56.640619 57.247002 57.643235 58.251551 58.645828 59.256092 59.648419 60.260633 60.651009 61.265173 61.653600 62.269714 62.656190 63.274254 63.658781 64.278795 64.661371 65.283335 65.663961 66.287876 66.666552 67.292416 67.669142 68.296957 68.671732 69.301497 69.674323 70.306038 70.676913 71.310578 71.679504 72.315119 72.682094 73.319659 73.684684 74.324200 74.687275 75.328740 75.689865 76.333281 76.692455 77.337821 77.695046 78.342362 78.697636 79.346902 79.700226 80.351443 80.702817 81.355983 81.705405 82.360517 82.707977 83.365007 83.710420 84.369169 84.711986 85.371238 85.708406 86.361860 86.679000 87.299175 87.539729 88.027275 88.008454 88.071003 87.318099 86.273649 83.829503 80.471357 74.932674 67.790830 57.917071 46.155802 31.976373 16.479409 0.000000 
0.000000 10.874163 21.158237 30.642809 38.675242 45.561730 50.808114 55.080535 58.043633 60.451701 62.017167 63.408127 64.303153 65.254643 65.890234 66.688649 67.240985 67.996571 68.525515 69.272375 69.794481 70.541283 71.060347 71.808931 72.325684 73.076382 73.590944 74.343805 74.856194 75.611226 76.121443 76.878645 77.386691 78.146065 78.651940 79.413485 79.917189 80.680905 81.182437 81.948325 82.447686 83.215745 83.712935 84.483165 84.978184 85.750585 86.243432 87.018005 87.508681 88.285425 88.773930 89.552845 90.039178 90.820265 91.304427 92.087685 92.569676 93.355104 93.834924 94.622524 95.100173 95.889944 96.365422 97.157364 97.630671 98.424784 98.895919 99.692204 100.161168 100.959624 101.426417 102.227044 102.691664 103.494461 103.956905 104.761859 105.222087 106.029101 106.486836 107.295277 107.748850 108.555148 108.996001 109.783156 110.174386 110.874756 111.084462 111.476807 111.121523 110.623814 108.821056 106.242105 101.456231 95.014315 85.422490 73.478040 58.131687 40.584428 20.749158 0.000000 
0.000000 12.726306 24.936214 35.871268 45.561730 53.358152 59.821764 64.533986 68.304611 70.850214 72.951114 74.327815 75.620490 76.495399 77.474740 78.173806 79.054789 79.701900 80.558452 81.191478 82.044277 82.672734 83.526572 84.152458 85.008270 85.631940 86.489882 87.111390 87.971482 88.590835 89.453081 90.070280 90.934680 91.549725 92.416279 93.029169 93.897878 94.508614 95.379477 95.988059 96.861076 97.467504 98.342675 98.946949 99.824274 100.426394 101.305873 101.905838 102.787472 103.385283 104.269071 104.864728 105.750670 106.344173 107.232269 107.823618 108.713868 109.303062 110.195467 110.782507 111.677067 112.261952 113.158666 113.741397 114.640265 115.220842 116.121864 116.700287 117.603463 118.179731 119.085061 119.659176 120.566660 121.138618 122.048250 122.618035 123.529774 124.097262 125.010813 125.575191 126.488757 127.045505 127.949767 128.477588 129.331898 129.747001 130.404378 130.435872 130.463744 129.407889 127.797169 124.234437 119.199917 111.047892 100.415849 85.830954 68.368735 47.387837 24.410330 0.000000 
0.000000 14.279703 27.797872 40.237399 50.808114 59.821764 66.739424 72.309961 76.232313 79.348371 81.437216 83.214345 84.424084 85.622370 86.492496 87.488633 88.250396 89.189342 89.921308 90.847888 91.571781 92.497385 93.218183 94.145227 94.863891 95.792811 96.509498 97.440359 98.155092 99.087903 99.800684 100.735447 101.446276 102.382990 103.091868 104.030534 104.737460 105.678077 106.383053 107.325621 108.028645 108.973164 109.674237 110.620708 111.319829 112.268252 112.965421 113.915795 114.611013 115.563339 116.256606 117.210882 117.902198 118.858426 119.547790 120.505969 121.193382 122.153513 122.838974 123.801057 124.484566 125.448600 126.130158 127.096144 127.775751 128.743687 129.421343 130.391231 131.066935 132.038774 132.712527 133.686318 134.358118 135.333858 136.003700 136.981373 137.649205 138.628685 139.294145 140.274605 140.935514 141.912299 142.557477 143.508404 144.089621 144.926420 145.271237 145.705146 145.312073 144.583381 142.297868 138.851798 132.663761 124.175368 111.696600 96.028661 76.011440 53.039872 27.131043 0.000000 
0.000000 15.394406 30.148496 43.389284 55.080535 64.533986 72.309961 78.038446 82.549215 85.660342 88.147165 89.846493 91.353478 92.447297 93.573939 94.456216 95.462837 96.283299 97.259387 98.063801 99.034377 99.834239 100.805103 101.602826 102.575108 103.371121 104.345008 105.139375 106.114895 106.907625 107.884780 108.675875 109.654665 110.444124 111.424550 112.212373 113.194435 113.980623 114.964320 115.748872 116.734205 117.517121 118.504090 119.285371 120.273975 121.053620 122.043860 122.821869 123.813745 124.590119 125.583630 126.358368 127.353515 128.126617 129.123400 129.894867 130.893285 131.663116 132.663170 133.431365 134.433055 135.199615 136.202940 136.967864 137.972825 138.736113 139.742710 140.504363 141.512595 142.272612 143.282479 144.040861 145.052363 145.809107 146.822238 147.577323 148.592033 149.345311 150.361246 151.111741 152.126745 152.869025 153.871914 154.580382 155.522367 156.096274 156.800902 156.914428 156.862329 155.668732 153.648315 149.438880 143.306951 133.573410 120.721685 103.239974 82.193485 56.999221 29.346263 0.000000 
0.000000 16.307650 31.759498 45.948827 58.043633 68.304611 76.232313 82.549215 87.058554 90.565076 92.981902 94.955479 96.369465 97.679984 98.707153 99.785559 100.689963 101.702036 102.573376 103.570365 104.433438 105.428361 106.288851 107.284470 108.143473 109.140284 109.997978 110.996057 111.852469 112.851825 113.706958 114.707593 115.561446 116.563361 117.415935 118.419128 119.270424 120.274896 121.124912 122.130664 122.979401 123.986432 124.833890 125.842199 126.688379 127.697967 128.542867 129.553735 130.397356 131.409503 132.251845 133.265271 134.106333 135.121038 135.960822 136.976806 137.815311 138.832574 139.669799 140.688342 141.524288 142.544110 143.378777 144.399877 145.233266 146.255645 147.087754 148.111413 148.942243 149.967181 150.796732 151.822948 152.651219 153.678712 154.505696 155.534447 156.360086 157.389953 158.213836 159.243883 160.063539 161.088492 161.891241 162.885973 163.617096 164.481593 164.945388 165.352433 164.979575 164.068225 161.547522 157.555888 150.603453 140.897540 126.797552 108.958393 86.286760 60.180935 30.798505 0.000000 
0.000000 16.904486 33.091763 47.642252 60.451701 70.850214 79.348371 85.660342 90.565076 94.005085 96.682929 98.574053 100.173674 101.400984 102.581653 103.577624 104.625531 105.554518 106.568019 107.480250 108.486840 109.394932 110.400980 111.307583 112.314330 113.219912 114.227564 115.132197 116.140784 117.044477 118.054002 118.956757 119.967220 120.869036 121.880438 122.781315 123.793656 124.693595 125.706874 126.605874 127.620092 128.518154 129.533310 130.430433 131.446528 132.342713 133.359746 134.254992 135.272964 136.167271 137.186182 138.079551 139.099400 139.991830 141.012618 141.904110 142.925836 143.816389 144.839054 145.728669 146.752272 147.640948 148.665490 149.553228 150.578708 151.465507 152.491926 153.377786 154.405144 155.290066 156.318362 157.202345 158.231579 159.114620 160.144786 161.026864 162.057906 162.938859 163.970393 164.849158 165.878839 166.749499 167.765157 168.599823 169.548360 170.237236 170.926589 171.114492 170.979296 169.742913 167.464248 162.939685 156.184754 145.634521 131.565470 112.559176 89.574859 62.143607 31.981466 0.000000 
0.000000 17.420651 33.937232 49.081369 62.017167 72.951114 81.437216 88.147165 92.981902 96.682929 99.282492 101.342377 102.871065 104.220838 105.336921 106.437691 107.423324 108.452434 109.403460 110.415724 111.358637 112.367973 113.308845 114.318207 115.258207 116.268125 117.207445 118.217999 119.156667 120.167869 121.105887 122.117738 123.055108 124.067607 125.004328 126.017477 126.953548 127.967346 128.902768 129.917215 130.851988 131.867084 132.801208 133.816953 134.750428 135.766822 136.699649 137.716691 138.648869 139.666561 140.598089 141.616430 142.547309 143.566299 144.496529 145.516168 146.445749 147.466037 148.394970 149.415906 150.344190 151.365775 152.293410 153.315645 154.242630 155.265514 156.191850 157.215383 158.141070 159.165252 160.090290 161.115121 162.039509 163.064986 163.988717 165.014821 165.937832 166.964412 167.886271 168.912336 169.830423 170.850391 171.751271 172.738541 173.564220 174.412894 174.955914 175.319497 174.976198 173.942973 171.322726 167.026950 159.706685 149.359601 134.456236 115.498536 91.496342 63.792191 32.657624 0.000000 
0.000000 17.738014 34.713885 49.987802 63.408127 74.327815 83.214345 89.846493 94.955479 98.574053 101.342377 103.335851 104.970777 106.268095 107.462356 108.517438 109.571694 110.557040 111.574602 112.542926 113.552669 114.517211 115.525826 116.489364 117.498152 118.461180 119.470357 120.432950 121.442547 122.404714 123.414735 124.376478 125.386923 126.348242 127.359111 128.320006 129.331299 130.291769 131.303487 132.263533 133.275675 134.235297 135.247863 136.207060 137.220051 138.178824 139.192239 140.150588 141.164427 142.122352 143.136615 144.094115 145.108803 146.065879 147.080991 148.037643 149.053179 150.009406 151.025367 151.981170 152.997555 153.952934 154.969743 155.924698 156.941931 157.896461 158.914119 159.868225 160.886307 161.839989 162.858495 163.811752 164.830682 165.783512 166.802858 167.755238 168.774945 169.726706 170.746374 171.696411 172.713601 173.655762 174.657826 175.563099 176.494842 177.248996 177.910753 178.144199 177.948194 176.699983 174.275002 169.604841 162.525748 151.583004 136.900393 117.152204 93.204385 64.678054 33.276897 0.000000 
0.000000 18.062018 35.191993 50.884660 64.303153 75.620490 84.424084 91.353478 96.369465 100.173674 102.871065 104.970777 106.557518 107.919560 109.078629 110.181765 111.205906 112.234248 113.222898 114.233344 115.213988 116.220986 117.199923 118.206538 119.184980 120.191761 121.169909 122.176940 123.154821 124.162113 125.139731 126.147286 127.124641 128.132459 129.109551 130.117632 131.094461 132.102805 133.079371 134.087978 135.064281 136.073151 137.049190 138.058324 139.034100 140.043497 141.019010 142.028670 143.003920 144.013843 144.988830 145.999016 146.973740 147.984189 148.958650 149.969362 150.943560 151.954535 152.928470 153.939708 154.913380 155.924881 156.898290 157.910054 158.883200 159.895227 160.868110 161.880400 162.853020 163.865573 164.837929 165.850746 166.822838 167.835915 168.807735 169.821052 170.792538 171.805940 172.776644 173.789115 174.756348 175.762152 176.712105 177.683918 178.556983 179.386016 179.968932 180.299210 179.971354 178.866197 176.197656 171.740263 164.239050 153.564631 138.264661 118.745154 94.084809 65.583785 33.580993 0.000000 
0.000000 18.259244 35.728683 51.452963 65.254643 76.495399 85.622370 92.447297 97.679984 101.400984 104.220838 106.268095 107.919560 109.249983 110.447040 111.528220 112.580723 113.590353 114.604766 115.597144 116.603219 117.591985 118.596613 119.584628 120.589153 121.576924 122.581568 123.569172 124.573967 125.561415 126.566365 127.553658 128.558762 129.545900 130.551159 131.538142 132.543557 133.530384 134.535954 135.522627 136.528351 137.514869 138.520749 139.507111 140.513146 141.499354 142.505543 143.491596 144.497941 145.483838 146.490338 147.476080 148.482735 149.468323 150.475133 151.460565 152.467530 153.452807 154.459927 155.445049 156.452325 157.437292 158.444722 159.429534 160.437119 161.421776 162.429517 163.414019 164.421914 165.406261 166.414311 167.398503 168.406707 169.390741 170.399093 171.382945 172.391387 173.374886 174.383010 175.365029 176.370349 177.344611 178.334229 179.271140 180.188771 180.971791 181.613812 181.865854 181.632827 180.373354 177.866847 173.115803 165.862625 154.710481 139.703179 119.563726 95.109110 66.007656 33.956352 0.000000 
0.000000 18.508892 36.064453 52.139843 65.890234 77.474740 86.492496 93.573939 98.707153 102.581653 105.336921 107.462356 109.078629 110.447040 111.624840 112.727446 113.767039 114.792730 115.796105 116.803255 117.798602 118.802033 119.795811 120.798665 121.792119 122.794962 123.788296 124.791212 125.784455 126.787458 127.780613 128.783702 129.776770 130.779947 131.772928 132.776192 133.769085 134.772436 135.765243 136.768681 137.761400 138.764926 139.757558 140.761170 141.753716 142.757415 143.749873 144.753660 145.746031 146.749904 147.742188 148.746149 149.738346 150.742394 151.734503 152.738638 153.730661 154.734883 155.726818 156.731128 157.722976 158.727372 159.719133 160.723617 161.715291 162.719862 163.711448 164.716106 165.707606 166.712351 167.703763 168.708595 169.699919 170.704836 171.696064 172.701045 173.692112 174.697000 175.687454 176.691216 177.678325 178.675139 179.644879 180.607001 181.498835 182.315805 182.913135 183.223501 182.895955 181.748615 179.043730 174.492385 166.878662 156.014562 140.478441 120.633656 95.587522 66.624918 34.116707 0.000000 
0.000000 18.663829 36.517729 52.589321 66.688649 78.173806 87.488633 94.456216 99.785559 103.577624 106.437691 108.517438 110.181765 111.528220 112.727446 113.819010 114.870209 115.888682 116.900793 117.901729 118.905196 119.902548 120.904424 121.901119 122.902778 123.899335 124.901003 125.897502 126.899213 127.895663 128.897421 129.893824 130.895629 131.891985 132.893837 133.890146 134.892044 135.888307 136.890252 137.886468 138.888460 139.884629 140.886668 141.882790 142.884875 143.880951 144.883083 145.879111 146.881291 147.877272 148.879499 149.875433 150.877706 151.873594 152.875914 153.871755 154.874122 155.869916 156.872329 157.868077 158.870537 159.866237 160.868745 161.864398 162.866953 163.862559 164.865160 165.860720 166.863368 167.858881 168.861576 169.857041 170.859782 171.855198 172.857978 173.853321 174.856081 175.851176 176.853505 177.847210 178.846589 179.832548 180.815914 181.764148 182.674492 183.466946 184.098030 184.352701 184.097377 182.820913 180.262761 175.449140 168.083188 156.784538 141.564844 121.160473 96.372659 66.887192 34.406798 0.000000 
0.000000 18.890321 36.807620 53.210614 67.240985 79.054789 88.250396 95.462837 100.689963 104.625531 107.423324 109.571694 111.205906 112.580723 113.767039 114.870209 115.915390 116.939912 117.948157 118.953670 119.953778 120.955426 121.953996 122.954991 123.953294 124.954212 125.952458 126.953386 127.951604 128.952555 129.950748 130.951724 131.949892 132.950892 133.949036 134.950060 135.948180 136.949229 137.947325 138.948397 139.946469 140.947565 141.945613 142.946734 143.944757 144.945902 145.943901 146.945071 147.943045 148.944239 149.942189 150.943407 151.941333 152.942576 153.940477 154.941744 155.939621 156.940912 157.938766 158.940081 159.937910 160.939249 161.937054 162.938417 163.936198 164.937586 165.935342 166.936754 167.934486 168.935922 169.933630 170.935090 171.932773 172.934255 173.931904 174.933387 175.930937 176.932262 177.929257 178.929378 179.923053 180.916084 181.892254 182.850131 183.747560 184.558558 185.158144 185.456665 185.120733 183.944763 181.203997 176.584910 168.878363 157.874091 142.152985 122.065201 96.723013 67.413506 34.521292 0.000000 
0.000000 19.032559 37.237763 53.624626 67.996571 79.701900 89.189342 96.283299 101.702036 105.554518 108.452434 110.557040 112.234248 113.590353 114.792730 115.888682 116.939912 117.961289 118.972582 119.976092 120.978526 121.978413 122.979187 123.978439 124.978955 125.978102 126.978593 127.977716 128.978214 129.977324 130.977834 131.976932 132.977454 133.976539 134.977073 135.976147 136.976693 137.975754 138.976312 139.975361 140.975932 141.974969 142.975552 143.974576 144.975171 145.974184 146.974791 147.973791 148.974410 149.973398 150.974030 151.973006 152.973650 153.972613 154.973269 155.972221 156.972889 157.971828 158.972508 159.971435 160.972128 161.971043 162.971748 163.970650 164.971367 165.970257 166.970987 167.969865 168.970606 169.969472 170.970226 171.969079 172.969844 173.968682 174.969451 175.968251 176.968965 177.967550 178.967792 179.965008 180.962234 181.951654 182.932660 183.883985 184.791152 185.585053 186.209929 186.460285 186.189207 184.891940 182.293287 177.420690 169.962622 158.534899 143.138852 122.506800 97.440189 67.628376 34.787224 0.000000 
0.000000 19.253512 37.514553 54.230001 68.525515 80.558452 89.921308 97.259387 102.573376 106.568019 109.403460 111.574602 113.222898 114.604766 115.796105 116.900793 117.948157 118.972582 119.982278 120.987290 121.988703 122.989753 123.989616 124.989981 125.989591 126.989858 127.989428 128.989687 129.989247 130.989511 131.989065 132.989335 133.988882 134.989158 135.988699 136.988981 137.988516 138.988804 139.988333 140.988628 141.988151 142.988451 143.987968 144.988274 145.987785 146.988097 147.987602 148.987921 149.987419 150.987744 151.987236 152.987567 153.987054 154.987390 155.986871 156.987214 157.986688 158.987037 159.986505 160.986860 161.986322 162.986683 163.986139 164.986507 165.985957 166.986330 167.985774 168.986153 169.985591 170.985976 171.985408 172.985799 173.985224 174.985618 175.985028 176.985405 177.984733 178.984932 179.983717 180.982682 181.978131 182.969914 183.947695 184.903942 185.802186 186.610017 187.207349 187.497387 187.149520 185.949803 183.172174 178.493726 170.698793 159.569144 143.676426 123.369413 97.755581 68.131709 34.889121 0.000000 
0.000000 19.392100 37.940214 54.634032 69.272375 81.191478 90.847888 98.063801 103.570365 107.480250 110.415724 112.542926 114.233344 115.597144 116.803255 117.901729 118.953670 119.976092 120.987290 121.991499 122.993652 123.994175 124.994626 125.994511 126.994689 127.994476 128.994620 129.994392 130.994533 131.994301 132.994445 133.994209 134.994357 135.994118 136.994269 137.994027 138.994180 139.993935 140.994092 141.993844 142.994004 143.993752 144.993915 145.993661 146.993827 147.993569 148.993739 149.993478 150.993650 151.993386 152.993562 153.993295 154.993473 155.993203 156.993385 157.993112 158.993297 159.993020 160.993208 161.992929 162.993120 163.992838 164.993032 165.992746 166.992943 167.992655 168.992855 169.992563 170.992767 171.992472 172.992678 173.992380 174.992589 175.992284 176.992488 177.992153 178.992293 179.991750 180.991404 181.989487 182.986085 183.976304 184.956508 185.908254 186.813862 187.606598 188.227047 188.470734 188.186145 186.866521 184.230776 179.299556 171.755179 160.202314 144.639580 123.788941 98.457773 68.334094 35.149805 0.000000 
0.000000 19.612443 38.212969 55.237385 69.794481 82.044277 91.571781 99.034377 104.433438 108.486840 111.358637 113.552669 115.213988 116.603219 117.798602 118.905196 119.953778 120.978526 121.988703 122.993652 123.995388 124.996293 125.996453 126.996654 127.996560 128.996657 129.996527 130.996612 131.996476 132.996561 133.996423 134.996510 135.996370 136.996459 137.996317 138.996407 139.996264 140.996356 141.996211 142.996304 143.996157 144.996253 145.996104 146.996201 147.996051 148.996150 149.995998 150.996099 151.995945 152.996047 153.995892 154.995996 155.995839 156.995944 157.995785 158.995893 159.995732 160.995842 161.995679 162.995790 163.995626 164.995739 165.995573 166.995687 167.995520 168.995636 169.995466 170.995585 171.995413 172.995533 173.995360 174.995481 175.995306 176.995426 177.995239 178.995337 179.995073 180.994987 181.994178 182.992842 183.988668 184.980073 185.958059 186.913568 187.811225 188.616829 189.210565 189.493191 189.132270 187.910233 185.095225 180.359650 172.477100 161.225785 145.164354 124.643881 98.763953 68.833466 35.248308 0.000000 
0.000000 19.749653 38.638889 55.637841 70.541283 82.672734 92.497385 99.834239 105.428361 109.394932 112.367973 114.517211 116.220986 117.591985 118.802033 119.902548 120.955426 121.978413 122.989753 123.994175 124.996293 125.996959 126.997339 127.997357 128.997457 129.997377 130.997440 131.997346 132.997405 133.997309 134.997369 135.997272 136.997332 137.997234 138.997296 139.997196 140.997259 141.997159 142.997223 143.997121 144.997186 145.997083 146.997150 147.997046 148.997113 149.997008 150.997077 151.996970 152.997040 153.996933 154.997003 155.996895 156.996967 157.996857 158.996930 159.996820 160.996894 161.996782 162.996857 163.996744 164.996821 165.996707 166.996784 167.996669 168.996748 169.996631 170.996711 171.996594 172.996675 173.996556 174.996638 175.996518 176.996600 177.996476 178.996551 179.996399 180.996407 181.996046 182.995561 183.993815 184.990243 185.980556 186.960425 187.911885 188.816415 189.607289 190.223829 190.460205 190.162724 188.820271 186.148300 181.158400 173.529087 161.851806 146.124575 125.057210 99.464629 69.032144 35.508553 0.000000 
0.000000 19.970530 38.909687 56.242395 71.060347 83.526572 93.218183 100.805103 106.288851 110.400980 113.308845 115.525826 117.199923 118.596613 119.795811 120.904424 121.953996 122.979187 123.989616 124.994626 125.996453 126.997339 127.997560 128.997729 129.997692 130.997754 131.997681 132.997729 133.997651 134.997699 135.997620 136.997669 137.997588 138.997638 139.997557 140.997607 141.997525 142.997576 143.997493 144.997545 145.997462 146.997515 147.997430 148.997484 149.997398 150.997453 151.997367 152.997422 153.997335 154.997392 155.997304 156.997361 157.997272 158.997330 159.997240 160.997299 161.997209 162.997268 163.997177 164.997238 165.997145 166.997207 167.997114 168.997176 169.997082 170.997145 171.997050 172.997115 173.997019 174.997084 175.996987 176.997053 177.996954 178.997018 179.996909 180.996949 181.996763 182.996617 183.995882 184.994471 185.990339 186.981598 187.959450 188.914458 189.811190 190.614813 191.204627 191.480115 191.105856 189.861841 187.009291 182.217090 174.247018 162.874828 146.645206 125.912463 99.767503 69.531968 35.605772 0.000000 
0.000000 20.106842 39.336873 56.640619 71.808931 84.152458 94.145227 101.602826 107.284470 111.307583 114.318207 116.489364 118.206538 119.584628 120.798665 121.901119 122.954991 123.978439 124.989981 125.994511 126.996654 127.997357 128.997729 129.997771 130.997857 131.997801 132.997848 133.997778 134.997822 135.997750 136.997793 137.997720 138.997765 139.997691 140.997736 141.997662 142.997708 143.997632 144.997679 145.997603 146.997650 147.997573 148.997622 149.997544 150.997593 151.997515 152.997564 153.997485 154.997536 155.997456 156.997507 157.997427 158.997479 159.997397 160.997450 161.997368 162.997421 163.997338 164.997393 165.997309 166.997364 167.997280 168.997336 169.997250 170.997307 171.997221 172.997278 173.997192 174.997250 175.997162 176.997221 177.997132 178.997191 179.997099 180.997150 181.997029 182.997013 183.996682 184.996167 185.994438 186.990804 187.981057 188.960702 189.911722 190.815289 191.604146 192.216898 192.445819 192.135584 190.770190 188.062178 183.013561 175.299588 163.498000 147.606695 126.322925 100.469525 69.728782 35.866601 0.000000 
0.000000 20.328474 39.606116 57.247002 72.325684 85.008270 94.863891 102.575108 108.143473 112.314330 115.258207 117.498152 119.184980 120.589153 121.792119 122.902778 123.953294 124.978955 125.989591 126.994689 127.996560 128.997457 129.997692 130.997857 131.997830 132.997886 133.997822 134.997865 135.997796 136.997838 137.997768 138.997810 139.997739 140.997782 141.997711 142.997755 143.997682 144.997727 145.997654 146.997699 147.997625 148.997671 149.997597 150.997643 151.997568 152.997615 153.997539 154.997588 155.997511 156.997560 157.997482 158.997532 159.997454 160.997504 161.997425 162.997476 163.997397 164.997448 165.997368 166.997421 167.997340 168.997393 169.997311 170.997365 171.997282 172.997337 173.997254 174.997309 175.997225 176.997281 177.997197 178.997253 179.997167 180.997221 181.997125 182.997156 183.996981 184.996823 185.996094 186.994660 187.990501 188.981664 189.959314 190.913872 191.809610 192.611306 193.197131 193.465538 193.077882 191.811958 188.921828 184.073097 176.015508 164.522585 148.124854 127.180048 100.770231 70.229920 35.962943 0.000000 
0.000000 20.463972 40.034750 57.643235 73.076382 85.631940 95.792811 103.371121 109.140284 113.219912 116.268125 118.461180 120.191761 121.576924 122.794962 123.899335 124.954212 125.978102 126.989858 127.994476 128.996657 129.997377 130.997754 131.997801 132.997886 133.997833 134.997879 135.997812 136.997853 137.997784 138.997826 139.997756 140.997798 141.997728 142.997771 143.997700 144.997743 145.997671 146.997716 147.997643 148.997688 149.997615 150.997661 151.997587 152.997633 153.997558 154.997606 155.997530 156.997578 157.997502 158.997550 159.997474 160.997523 161.997445 162.997495 163.997417 164.997468 165.997389 166.997440 167.997360 168.997413 169.997332 170.997385 171.997304 172.997358 173.997276 174.997330 175.997247 176.997302 177.997219 178.997275 179.997190 180.997246 181.997158 182.997206 183.997089 184.997068 185.996740 186.996216 187.994476 188.990803 189.980966 190.960409 191.910958 192.813585 193.600398 194.209384 194.430823 194.107862 192.719504 189.975484 184.868140 177.069555 165.143673 149.088363 127.588236 101.474112 70.425197 36.224539 0.000000 
0.000000 20.686398 40.302503 58.251551 73.590944 86.489882 96.509498 104.345008 109.997978 114.227564 117.207445 119.470357 121.169909 122.581568 123.788296 124.901003 125.952458 126.978593 127.989428 128.994620 129.996527 130.997440 131.997681 132.997848 133.997822 134.997879 135.997816 136.997858 137.997790 138.997831 139.997762 140.997804 141.997734 142.997776 143.997706 144.997749 145.997677 146.997721 147.997649 148.997694 149.997621 150.997667 151.997593 152.997639 153.997565 154.997612 155.997537 156.997584 157.997508 158.997557 159.997480 160.997529 161.997452 162.997502 163.997424 164.997474 165.997396 166.997447 167.997368 168.997419 169.997339 170.997392 171.997311 172.997364 173.997283 174.997337 175.997255 176.997310 177.997227 178.997282 179.997198 180.997254 181.997169 182.997223 183.997127 184.997157 185.996983 186.996822 187.996088 188.994638 189.990441 190.981517 191.958953 192.913071 193.807803 194.607582 195.189406 195.450742 195.049678 193.761858 190.834139 185.928894 177.783787 166.170156 149.604324 128.447489 101.772839 70.927791 36.320071 0.000000 
0.000000 20.821094 40.732611 58.645828 74.343805 87.111390 97.440359 105.139375 110.996057 115.132197 118.217999 120.432950 122.176940 123.569172 124.791212 125.897502 126.953386 127.977716 128.989687 129.994392 130.996612 131.997346 132.997729 133.997778 134.997865 135.997812 136.997858 137.997791 138.997833 139.997764 140.997806 141.997736 142.997778 143.997707 144.997751 145.997679 146.997723 147.997651 148.997696 149.997623 150.997668 151.997595 152.997641 153.997567 154.997614 155.997539 156.997586 157.997510 158.997559 159.997482 160.997531 161.997454 162.997504 163.997426 164.997476 165.997398 166.997449 167.997370 168.997422 169.997342 170.997394 171.997314 172.997367 173.997285 174.997339 175.997257 176.997312 177.997229 178.997284 179.997201 180.997257 181.997172 182.997228 183.997140 184.997188 185.997071 186.997050 187.996718 188.996189 189.994433 190.990724 191.980794 192.960039 193.910113 194.811803 195.596566 196.201792 196.415744 196.080060 194.668735 191.888712 186.722639 178.839450 166.789275 150.569970 128.853492 102.478658 71.121582 36.582461 0.000000 
0.000000 21.044319 40.998884 59.256092 74.856194 87.971482 98.155092 106.114895 111.852469 116.140784 119.156667 121.442547 123.154821 124.573967 125.784455 126.899213 127.951604 128.978214 129.989247 130.994533 131.996476 132.997405 133.997651 134.997822 135.997796 136.997853 137.997790 138.997833 139.997764 140.997806 141.997736 142.997779 143.997708 144.997751 145.997680 146.997724 147.997652 148.997696 149.997624 150.997669 151.997596 152.997642 153.997567 154.997614 155.997539 156.997587 157.997511 158.997559 159.997483 160.997532 161.997455 162.997505 163.997427 164.997477 165.997399 166.997450 167.997371 168.997422 169.997342 170.997395 171.997314 172.997367 173.997286 174.997340 175.997258 176.997313 177.997230 178.997285 179.997202 180.997258 181.997174 182.997230 183.997144 184.997198 185.997102 186.997132 187.996957 188.996794 189.996054 190.994590 191.990353 192.981344 193.958564 194.912243 195.805968 196.603830 197.181652 197.435918 197.021445 195.711731 192.746422 187.784665 179.552040 167.817702 151.083772 129.714911 102.775431 71.625652 36.677193 0.000000 
0.000000 21.178216 41.430471 59.648419 75.611226 88.590835 99.087903 106.907625 112.851825 117.044477 120.167869 122.404714 124.162113 125.561415 126.787458 127.895663 128.952555 129.977324 130.989511 131.994301 132.996561 133.997309 134.997699 135.997750 136.997838 137.997784 138.997831 139.997764 140.997806 141.997736 142.997779 143.997708 144.997752 145.997680 146.997724 147.997652 148.997697 149.997624 150.997669 151.997596 152.997642 153.997568 154.997614 155.997539 156.997587 157.997511 158.997560 159.997483 160.997532 161.997455 162.997505 163.997427 164.997477 165.997399 166.997450 167.997371 168.997422 169.997343 170.997395 171.997315 172.997368 173.997286 174.997340 175.997258 176.997313 177.997230 178.997285 179.997202 180.997258 181.997174 182.997230 183.997145 184.997202 185.997113 186.997161 187.997044 188.997022 189.996688 190.996154 191.994381 192.990637 193.980612 194.959660 195.909259 196.810012 197.592725 198.194191 198.400655 198.052249 196.617956 193.801931 188.577129 180.609336 168.434868 152.051570 130.118741 103.483199 71.817962 36.940382 0.000000 
0.000000 21.402240 41.695264 60.260633 76.121443 89.453081 99.800684 107.884780 113.706958 118.054002 121.105887 123.414735 125.139731 126.566365 127.780613 128.897421 129.950748 130.977834 131.989065 132.994445 133.996423 134.997369 135.997620 136.997793 137.997768 138.997826 139.997762 140.997806 141.997736 142.997779 143.997708 144.997752 145.997680 146.997724 147.997652 148.997697 149.997624 150.997669 151.997596 152.997642 153.997568 154.997614 155.997540 156.997587 157.997511 158.997560 159.997483 160.997532 161.997455 162.997505 163.997427 164.997477 165.997399 166.997450 167.997371 168.997423 169.997343 170.997395 171.997315 172.997368 173.997286 174.997340 175.997258 176.997313 177.997230 178.997285 179.997202 180.997258 181.997174 182.997231 183.997146 184.997203 185.997116 186.997171 187.997074 188.997105 189.996928 190.996764 191.996016 192.994539 193.990262 194.981167 195.958172 196.911412 197.804129 198.600075 199.173895 199.421092 198.993210 197.661600 194.658702 189.640433 181.320289 169.465246 152.563217 130.982331 103.778022 72.323512 37.034314 0.000000 
0.000000 21.535337 42.128331 60.651009 76.878645 90.070280 100.735447 108.675875 114.707593 118.956757 122.117738 124.376478 126.147286 127.553658 128.783702 129.893824 130.951724 131.976932 132.989335 133.994209 134.996510 135.997272 136.997669 137.997720 138.997810 139.997756 140.997804 141.997736 142.997779 143.997708 144.997752 145.997680 146.997724 147.997652 148.997697 149.997624 150.997669 151.997596 152.997642 153.997568 154.997614 155.997540 156.997587 157.997511 158.997560 159.997483 160.997532 161.997455 162.997505 163.997427 164.997477 165.997399 166.997450 167.997371 168.997423 169.997343 170.997395 171.997315 172.997368 173.997286 174.997340 175.997258 176.997313 177.997230 178.997285 179.997202 180.997258 181.997174 182.997231 183.997146 184.997203 185.997117 186.997174 187.997085 188.997134 189.997015 190.996993 191.996656 192.996117 193.994328 194.990549 195.980430 196.959280 197.908403 198.808219 199.588882 200.186588 200.385565 200.024437 198.567176 195.715149 190.431618 182.379221 170.080460 153.533169 131.383990 104.487740 72.514343 37.298303 0.000000 
0.000000 21.760161 42.391645 61.265173 77.386691 90.934680 101.446276 109.654665 115.561446 119.967220 123.055108 125.386923 127.124641 128.558762 129.776770 130.895629 131.949892 132.977454 133.988882 134.994357 135.996370 136.997332 137.997588 138.997765 139.997739 140.997798 141.997734 142.997778 143.997708 144.997752 145.997680 146.997724 147.997652 148.997697 149.997624 150.997669 151.997596 152.997642 153.997568 154.997614 155.997540 156.997587 157.997511 158.997560 159.997483 160.997532 161.997455 162.997505 163.997427 164.997477 165.997399 166.997450 167.997371 168.997423 169.997343 170.997395 171.997315 172.997368 173.997286 174.997340 175.997258 176.997313 177.997230 178.997285 179.997202 180.997258 181.997174 182.997231 183.997146 184.997203 185.997118 186.997175 187.997088 188.997144 189.997046 190.997077 191.996898 192.996733 193.995979 194.994488 195.990171 196.980991 197.957779 198.910580 199.802290 200.596320 201.166137 201.406265 200.964973 199.611470 196.570981 191.496201 183.088539 171.112790 154.042662 132.249751 104.780612 73.021371 37.391435 0.000000 
0.000000 21.892459 42.826191 61.653600 78.146065 91.549725 102.382990 110.444124 116.563361 120.869036 124.067607 126.348242 128.132459 129.545900 130.779947 131.891985 132.950892 133.976539 134.989158 135.994118 136.996459 137.997234 138.997638 139.997691 140.997782 141.997728 142.997776 143.997707 144.997751 145.997680 146.997724 147.997652 148.997697 149.997624 150.997669 151.997596 152.997642 153.997568 154.997614 155.997540 156.997587 157.997511 158.997560 159.997483 160.997532 161.997455 162.997505 163.997427 164.997477 165.997399 166.997450 167.997371 168.997423 169.997343 170.997395 171.997315 172.997368 173.997286 174.997340 175.997258 176.997313 177.997230 178.997285 179.997202 180.997258 181.997174 182.997231 183.997146 184.997203 185.997118 186.997176 187.997089 188.997147 189.997056 190.997106 191.996987 192.996965 193.996625 194.996081 195.994275 196.990460 197.980247 198.958899 199.907547 200.806427 201.585040 202.178985 202.370475 201.996625 200.516397 197.628367 192.286106 184.149106 171.726052 155.014768 132.649239 105.492280 73.210723 37.656224 0.000000 
0.000000 22.118081 43.088025 62.269714 78.651940 92.416279 103.091868 111.424550 117.415935 121.880438 125.004328 127.359111 129.109551 130.551159 131.772928 132.893837 133.949036 134.977073 135.988699 136.994269 137.996317 138.997296 139.997557 140.997736 141.997711 142.997771 143.997706 144.997751 145.997680 146.997724 147.997652 148.997697 149.997624 150.997669 151.997596 152.997642 153.997568 154.997614 155.997540 156.997587 157.997511 158.997560 159.997483 160.997532 161.997455 162.997505 163.997427 164.997477 165.997399 166.997450 167.997371 168.997423 169.997343 170.997395 171.997315 172.997368 173.997286 174.997340 175.997258 176.997313 177.997230 178.997285 179.997202 180.997258 181.997174 182.997231 183.997146 184.997203 185.997118 186.997176 187.997090 188.997148 189.997060 190.997116 191.997018 192.997049 193.996869 194.996702 195.995941 196.994436 197.990079 198.980814 199.957387 200.909748 201.800451 202.592564 203.158379 203.391438 202.936737 201.561339 198.483261 193.351969 184.856788 172.760333 155.522106 133.517171 105.783203 73.719231 37.748557 0.000000 
0.000000 22.249580 43.524050 62.656190 79.413485 93.029169 104.030534 112.212373 118.419128 122.781315 126.017477 128.320006 130.117632 131.538142 132.776192 133.890146 134.950060 135.976147 136.988981 137.994027 138.996407 139.997196 140.997607 141.997662 142.997755 143.997700 144.997749 145.997679 146.997724 147.997652 148.997697 149.997624 150.997669 151.997596 152.997642 153.997568 154.997614 155.997540 156.997587 157.997511 158.997560 159.997483 160.997532 161.997455 162.997505 163.997427 164.997477 165.997399 166.997450 167.997371 168.997423 169.997343 170.997395 171.997315 172.997368 173.997286 174.997340 175.997258 176.997313 177.997230 178.997285 179.997202 180.997258 181.997174 182.997231 183.997146 184.997203 185.997118 186.997176 187.997090 188.997148 189.997061 190.997119 191.997028 192.997079 193.996958 194.996936 195.996593 196.996044 197.994222 198.990372 199.980064 200.958519 201.906691 202.804635 203.581197 204.171383 204.355385 203.968813 202.465617 199.541585 194.140595 185.918991 173.371645 156.496367 133.914488 106.496821 73.907104 38.014144 0.000000 
0.000000 22.476002 43.784406 63.274254 79.917189 93.897878 104.737460 113.194435 119.270424 123.793656 126.953548 129.331299 131.094461 132.543557 133.769085 134.892044 135.948180 136.976693 137.988516 138.994180 139.996264 140.997259 141.997525 142.997708 143.997682 144.997743 145.997677 146.997723 147.997652 148.997697 149.997624 150.997669 151.997596 152.997642 153.997568 154.997614 155.997540 156.997587 157.997511 158.997560 159.997483 160.997532 161.997455 162.997505 163.997427 164.997477 165.997399 166.997450 167.997371 168.997423 169.997343 170.997395 171.997315 172.997368 173.997286 174.997340 175.997258 176.997313 177.997230 178.997285 179.997202 180.997258 181.997174 182.997231 183.997146 184.997203 185.997118 186.997176 187.997090 188.997148 189.997061 190.997120 191.997032 192.997089 193.996989 194.997021 195.996839 196.996672 197.995903 198.994385 199.989988 200.980637 201.956994 202.908917 203.798611 204.588809 205.150622 205.376610 204.908501 203.511208 200.395540 195.207737 186.625038 174.407877 157.001551 134.784591 106.785793 74.417091 38.105678 0.000000 
