0.000000 0.000000 0.000000 0.000000 0.000000 0.000000 0.000000 0.000000 0.000000 0.000000 0.000000 0.000000 0.000000 0.000000 0.000000 0.000000 0.000000 0.000000 0.000000 0.000000 0.000000 0.000000 0.000000 0.000000 0.000000 0.000000 0.000000 0.000000 0.000000 0.000000 0.000000 0.000000 0.000000 0.000000 0.000000 0.000000 0.000000 0.000000 0.000000 0.000000 0.000000 0.000000 0.000000 0.000000 0.000000 0.000000 0.000000 0.000000 0.000000 0.000000 0.000000 0.000000 0.000000 0.000000 0.000000 0.000000 0.000000 0.000000 0.000000 0.000000 0.000000 0.000000 0.000000 0.000000 0.000000 0.000000 0.000000 0.000000 0.000000 0.000000 0.000000 0.000000 0.000000 0.000000 0.000000 0.000000 0.000000 0.000000 0.000000 0.000000 0.000000 0.000000 0.000000 0.000000 0.000000 0.000000 0.000000 0.000000 0.000000 0.000000 0.000000 0.000000 0.000000 0.000000 0.000000 0.000000 0.000000 0.000000 0.000000 0.000000 
0.000000 2.397342 4.702549 6.764945 8.606753 10.085361 11.331993 12.237651 12.987121 13.490366 13.931540 14.217538 14.509619 14.702129 14.936631 15.096118 15.312813 15.462261 15.674832 15.821266 16.033541 16.178728 16.391596 16.535906 16.749540 16.893039 17.107468 17.250166 17.465394 17.607293 17.823319 17.964419 18.181245 18.321546 18.539170 18.678672 18.897096 19.035798 19.255022 19.392925 19.612947 19.750051 19.970873 20.107177 20.328798 20.464304 20.686724 20.821430 21.044649 21.178556 21.402575 21.535683 21.760500 21.892809 22.118426 22.249935 22.476351 22.607062 22.834277 22.964188 23.192203 23.321314 23.550128 23.678441 23.908054 24.035567 24.265979 24.392694 24.623905 24.749820 24.981830 25.106946 25.339756 25.464072 25.697679 25.821192 26.055589 26.178272 26.413394 26.535072 26.770533 26.890237 27.124031 27.237189 27.460577 27.549216 27.730597 27.736636 27.783023 27.555659 27.250144 26.485372 25.444145 23.696417 21.451786 18.327562 14.613240 10.122696 5.218835 0.000000 
0.000000 4.702549 9.150772 13.266078 16.754156 19.767938 22.069432 23.974073 25.303388 26.416852 27.150962 27.832941 28.281261 28.777084 29.114473 29.545805 29.847217 30.260903 30.551806 30.962339 31.249777 31.660841 31.946430 32.358808 32.642857 33.056690 33.339252 33.754560 34.035643 34.452430 34.732033 35.150299 35.428423 35.848168 36.124813 36.546037 36.821203 37.243906 37.517594 37.941775 38.213984 38.639644 38.910374 39.337514 39.606764 40.035383 40.303154 40.733252 40.999544 41.431121 41.695934 42.128990 42.392324 42.826859 43.088714 43.524728 43.785104 44.222598 44.481495 44.920467 45.177885 45.618336 45.874275 46.316205 46.570665 47.014074 47.267055 47.711943 47.963445 48.409812 48.659835 49.107681 49.356225 49.805549 50.052611 50.503408 50.748968 51.201189 51.445113 51.898447 52.139915 52.592608 52.827419 53.271119 53.481167 53.882649 54.003230 54.253828 54.096884 53.910743 53.043611 51.835675 49.505746 46.400740 41.715269 35.907112 28.402921 19.840430 10.140559 0.000000 
0.000000 6.764945 13.266078 19.089082 24.278857 28.456797 31.964142 34.526771 36.629290 38.057280 39.288760 40.104300 40.914467 41.466628 42.113926 42.573253 43.169980 43.601296 44.186078 44.609200 45.192843 45.612751 46.197761 46.615502 47.202367 47.618126 48.206928 48.620732 49.211483 49.623337 50.216037 50.625941 51.220591 51.628546 52.225145 52.631150 53.229699 53.633754 54.234253 54.636358 55.238807 55.638963 56.243362 56.641567 57.247916 57.644171 58.252470 58.646776 59.257024 59.649380 60.261578 60.651984 61.266132 61.654588 62.270686 62.657193 63.275240 63.659797 64.279794 64.662401 65.284348 65.665006 66.288902 66.667610 67.293457 67.670214 68.298011 68.672818 69.302565 69.675423 70.307119 70.678027 71.311672 71.680629 72.316221 72.683217 73.320730 73.685690 74.324945 74.687378 75.327290 75.684465 76.319399 76.658460 77.263844 77.534219 78.021218 78.059462 78.166653 77.548287 76.665846 74.534978 71.583916 66.685700 60.351591 51.576681 41.112276 28.486883 14.682463 0.000000 
0.000000 8.606753 16.754156 24.278857 30.673102 36.174939 40.399794 43.866527 46.313338 48.328866 49.687127 50.911205 51.747051 52.629454 53.262857 54.026568 54.594682 55.325532 55.874956 56.599495 57.143115 57.868091 58.408862 59.135705 59.674197 60.403166 60.939472 61.670606 62.204740 62.938043 63.470006 64.205480 64.735272 65.472918 66.000539 66.740355 67.265805 68.007792 68.531071 69.275229 69.796337 70.542666 71.061604 71.810103 72.326870 73.077540 73.592136 74.344977 74.857403 75.612414 76.122669 76.879852 77.387935 78.147289 78.653202 79.414726 79.918468 80.682163 81.183734 81.949600 82.449000 83.217037 83.714267 84.484474 84.979533 85.751911 86.244799 87.019348 87.510066 88.286785 88.775332 89.554222 90.040597 90.821657 91.305857 92.089075 92.571063 93.356353 93.835883 94.622677 95.098256 95.883363 96.347337 97.115553 97.534918 98.225748 98.482537 98.898115 98.649369 98.269155 96.725593 94.484239 90.272395 84.576402 76.065907 65.448927 51.791299 36.163714 18.490801 0.000000 
0.000000 10.085361 19.767938 28.456797 36.174939 42.416638 47.618995 51.455846 54.558866 56.706178 58.507807 59.743397 60.915370 61.759310 62.687480 63.393871 64.245841 64.911258 65.744658 66.398622 67.229570 67.879499 68.711732 69.359182 70.193429 70.838677 71.675057 72.318146 73.156678 73.797611 74.638297 75.277077 76.119916 76.756542 77.601535 78.236008 79.083154 79.715473 80.564773 81.194939 82.046393 82.674404 83.528012 84.153870 85.009631 85.633335 86.491250 87.112800 87.972869 88.592266 89.454488 90.071731 90.936107 91.551197 92.417727 93.030662 93.899346 94.510128 95.380965 95.989593 96.862584 97.469058 98.344203 98.948524 99.825822 100.427989 101.307441 101.907455 102.789061 103.386920 104.270680 104.866385 105.752298 106.345848 107.233909 107.825289 108.715462 109.304560 110.196580 110.782669 111.674930 112.253967 113.138130 113.691063 114.530767 114.982637 115.646395 115.754861 115.855694 114.991177 113.626355 110.518906 106.091377 98.877974 89.443122 76.474377 60.929504 42.238289 21.759795 0.000000 
0.000000 11.331993 22.069432 31.964142 40.399794 47.618995 53.201680 57.732129 60.975409 63.589369 65.400478 66.969230 68.093453 69.210608 70.069220 71.028951 71.802525 72.718026 73.467908 74.374182 75.117334 76.023273 76.763581 77.671072 78.409287 79.318669 80.054913 80.966239 81.700530 82.613805 83.346145 84.261371 84.991760 85.908937 86.637375 87.556503 88.282990 89.204069 89.928606 90.851635 91.574221 92.499201 93.219836 94.146767 94.865451 95.794333 96.511066 97.441899 98.156681 99.089465 99.802296 100.737031 101.447911 102.384597 103.093527 104.032163 104.739142 105.679729 106.384757 107.327295 108.030372 108.974861 109.675987 110.622427 111.321602 112.269993 112.967217 113.917559 114.612832 115.565125 116.258448 117.212691 117.904062 118.860254 119.549668 120.507794 121.195205 122.155153 122.840236 123.801267 124.482073 125.440018 126.106542 127.041554 127.650636 128.483721 128.881045 129.353794 129.090575 128.523125 126.566136 123.567118 118.117476 110.606297 99.526691 85.590761 67.764480 47.292823 24.193560 0.000000 
0.000000 12.237651 23.974073 34.526771 43.866527 51.455846 57.732129 62.406760 66.128419 68.754923 70.893301 72.414901 73.786995 74.834520 75.909398 76.791072 77.772409 78.605371 79.563177 80.383228 81.337079 82.153215 83.107646 83.921753 84.877649 85.690062 86.647570 87.458341 88.417481 89.226615 90.187390 90.994889 91.957299 92.763163 93.727208 94.531437 95.497117 96.299712 97.267026 98.067986 99.036935 99.836260 100.806845 101.604534 102.576754 103.372808 104.346663 105.141082 106.116572 106.909356 107.886481 108.677630 109.656390 110.445904 111.426299 112.214178 113.196208 113.982452 114.966117 115.750726 116.736027 117.519001 118.505936 119.287275 120.275845 121.055549 122.045754 122.823823 123.815663 124.592097 125.585572 126.360371 127.355480 128.128641 129.125380 129.896886 130.895209 131.664926 132.664517 133.431571 134.430499 135.190029 136.178283 136.907372 137.841273 138.449729 139.171312 139.367445 139.411750 138.437511 136.719866 133.045502 127.647221 119.027138 107.613165 92.056163 73.306067 50.843929 26.179714 0.000000 
0.000000 12.987121 25.303388 36.629290 46.313338 54.558866 60.975409 66.128419 69.864481 72.814070 74.909212 76.657104 77.965704 79.193994 80.199047 81.245630 82.154161 83.149016 84.031350 85.014656 85.890234 86.872196 87.745473 88.728257 89.600092 90.584085 91.454620 92.439883 93.309136 94.295676 95.163651 96.151469 97.018166 98.007263 98.872680 99.863056 100.727195 101.718849 102.581710 103.574642 104.436224 105.430435 106.290739 107.286228 108.145254 109.142021 109.999768 110.997814 111.854283 112.853608 113.708798 114.709401 115.563312 116.565194 117.417827 118.420987 119.272342 120.276780 121.126856 122.132573 122.981371 123.988366 124.835886 125.844160 126.690400 127.699953 128.544915 129.555746 130.399430 131.411539 132.253944 133.267332 134.108458 135.123122 135.962962 136.978886 137.817388 138.834444 139.671242 140.688591 141.521470 142.534390 143.351995 144.337981 145.091304 145.960783 146.474546 146.934454 146.698750 145.977996 143.818461 140.339036 134.210092 125.612887 113.082056 97.200564 76.992269 53.707042 27.487868 0.000000 
0.000000 13.490366 26.416852 38.057280 48.328866 56.706178 63.589369 68.754923 72.814070 75.722396 78.031589 79.722489 81.184520 82.353560 83.486556 84.473602 85.502471 86.436680 87.438714 88.359557 89.356360 90.273751 91.270329 92.186348 93.183677 94.098694 95.096934 96.011005 97.010180 97.923311 98.923424 99.835618 100.836668 101.747924 102.749912 103.660230 104.663156 105.572536 106.576401 107.484843 108.489645 109.397149 110.402889 111.309455 112.316133 113.221761 114.229377 115.134068 116.142621 117.046374 118.055866 118.958680 119.969110 120.870986 121.882354 122.783293 123.795598 124.695599 125.708842 126.607905 127.622086 128.520211 129.535331 130.432518 131.448575 132.344824 133.361819 134.257130 135.275063 136.169436 137.188307 138.081742 139.101550 139.994045 141.014784 141.906319 142.927941 143.818371 144.840531 145.728902 146.749498 147.630512 148.638639 149.487304 150.435385 151.153317 151.869254 152.138192 152.115384 151.107974 149.164589 145.210643 139.256339 129.902835 117.394707 100.463765 79.967100 55.486509 28.558230 0.000000 
0.000000 13.931540 27.150962 39.288760 49.687127 58.507807 65.400478 70.893301 74.909212 78.031589 80.286465 82.116048 83.527155 84.797453 85.883382 86.957661 87.940690 88.958658 89.914290 90.919125 91.868229 92.870896 93.818255 94.821079 95.767614 96.771013 97.716876 98.720913 99.666125 100.670809 101.615372 102.620705 103.564620 104.570601 105.513867 106.520497 107.463115 108.470393 109.412362 110.420289 111.361610 112.370185 113.310858 114.320080 115.260105 116.269976 117.209353 118.219872 119.158600 120.169768 121.107848 122.119664 123.057095 124.069560 125.006343 126.019455 126.955590 127.969351 128.904838 129.919247 130.854085 131.869143 132.803333 133.819039 134.752580 135.768935 136.701828 137.718830 138.651075 139.668726 140.600323 141.618622 142.549569 143.568514 144.498806 145.518379 146.447959 147.468026 148.396506 149.416178 150.341210 151.355483 152.265022 153.250047 154.092103 154.952943 155.541527 155.967544 155.761464 154.935288 152.687809 148.936761 142.475519 133.299410 120.039594 103.143942 81.726587 56.989643 29.177675 0.000000 
0.000000 14.217538 27.832941 40.104300 50.911205 59.743397 66.969230 72.414901 76.657104 79.722489 82.116048 83.897821 85.396303 86.628167 87.778709 88.819173 89.859236 90.844537 91.855710 92.827480 93.832568 94.801263 95.805548 96.773362 97.777872 98.745195 99.750100 100.716991 101.722317 102.688783 103.694532 104.660574 105.666747 106.632366 107.638962 108.604157 109.611177 110.575949 111.583392 112.547740 113.555607 114.519531 115.527822 116.491323 117.500037 118.463114 119.472252 120.434906 121.444467 122.406697 123.416682 124.378488 125.388897 126.350280 127.361112 128.322071 129.333327 130.293863 131.305542 132.265654 133.277757 134.237446 135.249972 136.209237 137.222187 138.181028 139.194402 140.152820 141.166617 142.124611 143.138832 144.096402 145.111046 146.068190 147.083251 148.039948 149.055375 150.011474 151.026909 151.981419 152.994675 153.942076 154.941807 155.856079 156.792777 157.571454 158.266021 158.577586 158.502790 157.485273 155.411135 151.324080 145.075245 135.361593 122.292429 104.680132 83.300103 57.813593 29.747989 0.000000 
0.000000 14.509619 28.281261 40.914467 51.747051 60.915370 68.093453 73.786995 77.965704 81.184520 83.527155 85.396303 86.859413 88.144503 89.268914 90.349053 91.366573 92.387547 93.376912 94.383771 95.366743 96.370926 97.352492 98.356426 99.337546 100.341666 101.322499 102.326871 103.307438 104.312071 105.292376 106.297271 107.277314 108.282472 109.262252 110.267672 111.247190 112.252872 113.232127 114.238072 115.217065 116.223272 117.202003 118.208473 119.186941 120.193673 121.171879 122.178873 123.156817 124.164073 125.141754 126.149273 127.126692 128.134474 129.111630 130.119674 131.096568 132.104874 133.081506 134.090074 135.066444 136.075274 137.051381 138.060474 139.036319 140.045675 141.021257 142.030875 143.006195 144.016075 144.991133 146.001275 146.976069 147.986472 148.960996 149.971640 150.945837 151.956584 152.930054 153.939991 154.910319 155.914300 156.869093 157.842594 158.728357 159.573742 160.199076 160.596863 160.404767 159.514292 157.221426 153.322370 146.692170 137.213385 123.583757 106.166560 84.135900 58.657857 30.037215 0.000000 
0.000000 14.702129 28.777084 41.466628 52.629454 61.759310 69.210608 74.834520 79.193994 82.353560 84.797453 86.628167 88.144503 89.406088 90.561709 91.625393 92.666293 93.673144 94.683837 95.676963 96.681069 97.671296 98.674285 99.663884 100.666823 101.656197 102.659261 103.648473 104.651688 105.640743 106.644112 107.633014 108.636537 109.625284 110.628962 111.617554 112.621386 113.609824 114.613811 115.602095 116.606236 117.594365 118.598660 119.586635 120.591085 121.578906 122.583510 123.571176 124.575934 125.563446 126.568359 127.555716 128.560783 129.547987 130.553208 131.540257 132.545633 133.532527 134.538057 135.524798 136.530482 137.517068 138.522907 139.509338 140.515331 141.501608 142.507756 143.493879 144.500181 145.486149 146.492605 147.478419 148.485029 149.470685 150.477443 151.462922 152.469775 153.454921 154.461504 155.445306 156.449386 157.426208 158.416204 159.359471 160.284838 161.089899 161.767789 162.096025 161.988145 160.959042 158.809607 154.645075 148.233158 138.320420 124.945320 106.961918 85.103148 59.071761 30.391204 0.000000 
0.000000 14.936631 29.114473 42.113926 53.262857 62.687480 70.069220 75.909398 80.199047 83.486556 85.883382 87.778709 89.268914 90.561709 91.702894 92.784147 93.815311 94.835367 95.837688 96.843005 97.838918 98.841292 99.835941 100.837873 101.832246 102.834186 103.828447 104.830463 105.824634 106.826735 107.820820 108.823007 109.817006 110.819279 111.813191 112.815551 113.809377 114.811823 115.805562 116.808096 117.801748 118.804368 119.797934 120.800640 121.794119 122.796912 123.790305 124.793184 125.786490 126.789456 127.782676 128.785728 129.778861 130.782000 131.775047 132.778272 133.771233 134.774544 135.767418 136.770816 137.763604 138.767088 139.759789 140.763360 141.755975 142.759632 143.752160 144.755904 145.748346 146.752176 147.744531 148.748448 149.740716 150.744716 151.736890 152.740956 153.732977 154.736968 155.728430 156.731417 157.719866 158.716618 159.689454 160.655044 161.557875 162.393056 163.031271 163.411280 163.218493 162.288764 159.959935 155.971710 149.232267 139.572013 125.714226 107.984780 85.582123 59.660273 30.552799 0.000000 
0.000000 15.096118 29.545805 42.573253 54.026568 63.393871 71.028951 76.791072 81.245630 84.473602 86.957661 88.819173 90.349053 91.625393 92.784147 93.857082 94.897728 95.912330 96.921797 97.922396 98.924975 99.922706 100.924024 101.921222 102.922375 103.919455 104.920625 105.917649 106.918862 107.915839 108.917097 109.914028 110.915332 111.912217 112.913567 113.910406 114.911802 115.908595 116.910038 117.906784 118.908273 119.904973 120.906508 121.903162 122.904743 123.901351 124.902978 125.899540 126.901213 127.897728 128.899448 129.895917 130.897684 131.894106 132.895919 133.892295 134.894154 135.890484 136.892389 137.888673 138.890624 139.886862 140.888859 141.885051 142.887094 143.883240 144.885330 145.881429 146.883565 147.879618 148.881800 149.877807 150.880034 151.875992 152.878258 153.874146 154.876399 155.872061 156.873929 157.868338 158.867559 159.854999 160.839829 161.793351 162.712539 163.526013 164.194151 164.524157 164.395415 163.348926 161.149932 156.923513 150.402264 140.345729 126.763879 108.521157 86.337450 59.930641 30.831225 0.000000 
0.000000 15.312813 29.847217 43.169980 54.594682 64.245841 71.802525 77.772409 82.154161 85.502471 87.940690 89.859236 91.366573 92.666293 93.815311 94.897728 95.933840 96.953347 97.959906 98.964213 99.964259 100.965478 101.964291 102.964991 103.963586 104.964229 105.962774 106.963430 107.961948 108.962626 109.961120 110.961822 111.960292 112.961018 113.959465 114.960213 115.958637 116.959409 117.957809 118.958605 119.956981 120.957801 121.956153 122.956996 123.955326 124.956192 125.954498 126.955388 127.953670 128.954584 129.952842 130.953779 131.952014 132.952975 133.951187 134.952171 135.950359 136.951367 137.949531 138.950562 139.948703 140.949758 141.947875 142.948954 143.947048 144.948150 145.946220 146.947345 147.945392 148.946541 149.944564 150.945737 151.943735 152.944929 153.942896 154.944092 155.941968 156.943024 157.940399 158.940374 159.934761 160.928360 161.906999 162.868980 163.776791 164.606656 165.246557 165.615448 165.413847 164.456423 162.091654 158.037105 151.205552 141.407435 127.366649 109.397764 86.702612 60.438634 30.952039 0.000000 
0.000000 15.462261 30.260903 43.601296 55.325532 64.911258 72.718026 78.605371 83.149016 86.436680 88.958658 90.844537 92.387547 93.673144 94.835367 95.912330 96.953347 97.970504 98.979496 99.982324 100.984215 101.984135 102.984697 103.984107 104.984463 105.983787 106.984125 107.983428 108.983773 109.983064 110.983420 111.982699 112.983067 113.982335 114.982714 115.981970 116.982361 117.981606 118.982008 119.981241 120.981655 121.980877 122.981302 123.980512 124.980949 125.980148 126.980596 127.979783 128.980243 129.979419 130.979890 131.979054 132.979537 133.978690 134.979184 135.978325 136.978831 137.977961 138.978478 139.977596 140.978125 141.977232 142.977772 143.976867 144.977419 145.976503 146.977066 147.976139 148.976713 149.975774 150.976360 151.975409 152.976006 153.975041 154.975642 155.974641 156.975194 157.973999 158.974127 159.971700 160.969114 161.959671 162.942488 163.898759 164.815121 165.629711 166.292012 166.617410 166.473346 165.405875 163.166967 158.881660 152.269209 142.084187 128.327420 109.858322 87.397877 60.666780 31.209119 0.000000 
0.000000 15.674832 30.551806 44.186078 55.874956 65.744658 73.467908 79.563177 84.031350 87.438714 89.914290 91.855710 93.376912 94.683837 95.837688 96.921797 97.959906 98.979496 99.987326 100.991312 101.992483 102.993285 103.993209 104.993460 105.993181 106.993354 107.993042 108.993210 109.992889 110.993061 111.992735 112.992912 113.992580 114.992762 115.992425 116.992613 117.992271 118.992464 119.992116 120.992314 121.991961 122.992165 123.991806 124.992016 125.991652 126.991866 127.991497 128.991717 129.991342 130.991568 131.991188 132.991418 133.991033 134.991269 135.990878 136.991120 137.990723 138.990970 139.990569 140.990821 141.990414 142.990672 143.990259 144.990522 145.990105 146.990373 147.989950 148.990224 149.989795 150.990074 151.989640 152.989925 153.989484 154.989772 155.989318 156.989589 157.989063 158.989174 159.988157 160.987157 161.983138 162.975670 163.955740 164.916273 165.824721 166.651606 167.289085 167.649695 167.436024 166.455101 164.053417 159.939861 153.020046 143.097102 128.885118 110.697828 87.731807 61.154551 31.318666 0.000000 
0.000000 15.821266 30.962339 44.609200 56.599495 66.398622 74.374182 80.383228 85.014656 88.359557 90.919125 92.827480 94.383771 95.676963 96.843005 97.922396 98.964213 99.982324 100.991312 101.994748 102.996448 103.996915 104.997243 105.997195 106.997304 107.997178 108.997259 109.997120 110.997199 111.997057 112.997138 113.996994 114.997078 115.996931 116.997017 117.996867 118.996956 119.996804 120.996895 121.996741 122.996834 123.996677 124.996773 125.996614 126.996712 127.996551 128.996651 129.996487 130.996590 131.996424 132.996529 133.996361 134.996468 135.996297 136.996407 137.996234 138.996346 139.996171 140.996285 141.996107 142.996225 143.996044 144.996164 145.995980 146.996103 147.995917 148.996042 149.995854 150.995981 151.995790 152.995920 153.995727 154.995858 155.995659 156.995786 157.995561 158.995629 159.995216 160.994846 161.993197 162.990073 163.981338 164.963443 165.920046 166.834940 167.648278 168.306247 168.624898 168.467430 167.377546 165.101686 160.757756 154.059199 143.749140 129.825998 111.138569 88.414000 61.371453 31.571179 0.000000 
0.000000 16.033541 31.249777 45.192843 57.143115 67.229570 75.117334 81.337079 85.890234 89.356360 91.868229 93.832568 95.366743 96.681069 97.838918 98.924975 99.964259 100.984215 101.992483 102.996448 103.997900 104.998598 105.998777 106.998907 107.998881 108.998927 109.998873 110.998909 111.998849 112.998885 113.998825 114.998861 115.998800 116.998837 117.998775 118.998813 119.998750 120.998789 121.998724 122.998765 123.998699 124.998741 125.998674 126.998717 127.998649 128.998693 129.998624 130.998669 131.998599 132.998645 133.998574 134.998621 135.998549 136.998597 137.998524 138.998573 139.998499 140.998549 141.998474 142.998525 143.998449 144.998501 145.998424 146.998477 147.998399 148.998453 149.998374 150.998429 151.998349 152.998405 153.998324 154.998381 155.998298 156.998353 157.998261 158.998296 159.998134 160.998003 161.997350 162.996091 163.992406 164.984602 165.964836 166.924673 167.832493 168.657193 169.291037 169.644283 169.417523 168.414334 165.975253 161.804645 154.797228 144.752731 130.372103 111.971515 88.739539 61.855878 31.677624 0.000000 
0.000000 16.178728 31.660841 45.612751 57.868091 67.879499 76.023273 82.153215 86.872196 90.273751 92.870896 94.801263 96.370926 97.671296 98.841292 99.922706 100.965478 101.984135 102.993285 103.996915 104.998598 105.999189 106.999466 107.999531 108.999581 109.999569 110.999588 111.999565 112.999580 113.999556 114.999571 115.999547 116.999562 117.999537 118.999553 119.999527 120.999544 121.999518 122.999535 123.999508 124.999526 125.999499 126.999517 127.999489 128.999508 129.999480 130.999498 131.999470 132.999489 133.999461 134.999480 135.999451 136.999471 137.999441 138.999462 139.999432 140.999453 141.999422 142.999444 143.999413 144.999435 145.999403 146.999425 147.999394 148.999416 149.999384 150.999407 151.999375 152.999398 153.999365 154.999389 155.999355 156.999379 157.999342 158.999358 159.999296 160.999252 161.999003 162.998513 163.997015 164.993740 165.985080 166.966870 167.923168 168.837004 169.648461 170.302540 170.613863 170.443525 169.330799 167.018740 162.616126 155.832672 145.398211 131.310628 112.406513 89.420609 62.069324 31.929839 0.000000 
0.000000 16.391596 31.946430 46.197761 58.408862 68.711732 76.763581 83.107646 87.745473 91.270329 93.818255 95.805548 97.352492 98.674285 99.835941 100.924024 101.964291 102.984697 103.993209 104.997243 105.998777 106.999466 107.999697 108.999803 109.999826 110.999845 111.999840 112.999847 113.999838 114.999844 115.999834 116.999841 117.999831 118.999837 119.999827 120.999834 121.999824 122.999831 123.999820 124.999827 125.999817 126.999824 127.999813 128.999821 129.999810 130.999817 131.999806 132.999814 133.999803 134.999811 135.999799 136.999807 137.999796 138.999804 139.999792 140.999801 141.999789 142.999797 143.999785 144.999794 145.999782 146.999791 147.999778 148.999787 149.999775 150.999784 151.999771 152.999780 153.999767 154.999777 155.999764 156.999773 157.999759 158.999766 159.999743 160.999729 161.999637 162.999454 163.998866 164.997542 165.993890 166.985949 167.966040 168.925385 169.832271 170.655000 171.284913 171.631029 171.390924 170.365768 167.889140 163.661920 156.566981 146.401625 131.852817 113.239983 89.742994 62.554317 32.035055 0.000000 
0.000000 16.535906 32.358808 46.615502 59.135705 69.359182 77.671072 83.921753 88.728257 92.186348 94.821079 96.773362 98.356426 99.663884 100.837873 101.921222 102.964991 103.984107 104.993460 105.997195 106.998907 107.999531 108.999803 109.999891 110.999930 111.999938 112.999944 113.999942 114.999945 115.999942 116.999944 117.999940 118.999943 119.999939 120.999942 121.999938 122.999940 123.999937 124.999939 125.999935 126.999938 127.999934 128.999937 129.999933 130.999936 131.999932 132.999934 133.999930 134.999933 135.999929 136.999932 137.999928 138.999931 139.999926 140.999930 141.999925 142.999929 143.999924 144.999927 145.999923 146.999926 147.999921 148.999925 149.999920 150.999924 151.999919 152.999923 153.999918 154.999921 155.999916 156.999920 157.999915 158.999918 159.999910 160.999905 161.999872 162.999806 163.999584 164.999067 165.997583 166.994250 167.985527 168.967095 169.922949 170.835825 171.645263 172.295557 172.599422 172.416334 171.280665 168.932568 164.471236 157.603127 147.044360 132.792708 113.672193 90.425478 62.765943 32.287877 0.000000 
0.000000 16.749540 32.642857 47.202367 59.674197 70.193429 78.409287 84.877649 89.600092 93.183677 95.767614 97.777872 99.337546 100.666823 101.832246 102.922375 103.963586 104.984463 105.993181 106.997304 107.998881 108.999581 109.999826 110.999930 111.999962 112.999976 113.999978 114.999981 115.999980 116.999981 117.999980 118.999981 119.999979 120.999980 121.999979 122.999980 123.999978 124.999979 125.999978 126.999979 127.999977 128.999978 129.999977 130.999978 131.999977 132.999978 133.999976 134.999977 135.999976 136.999977 137.999975 138.999976 139.999975 140.999976 141.999974 142.999976 143.999974 144.999975 145.999974 146.999975 147.999973 148.999974 149.999973 150.999974 151.999972 152.999974 153.999972 154.999973 155.999971 156.999973 157.999971 158.999972 159.999969 160.999968 161.999956 162.999933 163.999852 164.999658 165.999076 166.997728 167.994049 168.986013 169.965901 170.924797 171.830688 172.651490 173.277414 173.616449 173.362947 172.315883 169.801673 165.517924 158.335467 148.049381 133.332462 114.507567 90.745721 63.252268 32.392225 0.000000 
0.000000 16.893039 33.056690 47.618126 60.403166 70.838677 79.318669 85.690062 90.584085 94.098694 96.771013 98.745195 100.341666 101.656197 102.834186 103.919455 104.964229 105.983787 106.993354 107.997178 108.998927 109.999569 110.999845 111.999938 112.999976 113.999987 114.999992 115.999993 116.999994 117.999993 118.999994 119.999993 120.999993 121.999993 122.999993 123.999993 124.999993 125.999993 126.999993 127.999993 128.999993 129.999992 130.999993 131.999992 132.999993 133.999992 134.999992 135.999992 136.999992 137.999992 138.999992 139.999992 140.999992 141.999992 142.999992 143.999991 144.999992 145.999991 146.999992 147.999991 148.999992 149.999991 150.999991 151.999991 152.999991 153.999991 154.999991 155.999990 156.999991 157.999990 158.999991 159.999990 160.999989 161.999986 162.999978 163.999949 164.999878 165.999659 166.999133 167.997638 168.994265 169.985453 170.966819 171.922203 172.834138 173.641531 174.288061 174.584443 174.388628 173.229995 170.845890 166.325831 159.373109 148.690047 134.274389 114.937515 91.430074 63.462364 32.645818 0.000000 
0.000000 17.107468 33.339252 48.206928 60.939472 71.675057 80.054913 86.647570 91.454620 95.096934 97.716876 99.750100 101.322499 102.659261 103.828447 104.920625 105.962774 106.984125 107.993042 108.997259 109.998873 110.999588 111.999840 112.999944 113.999978 114.999992 115.999996 116.999997 117.999998 118.999998 119.999998 120.999998 121.999998 122.999998 123.999998 124.999998 125.999998 126.999998 127.999998 128.999998 129.999998 130.999998 131.999998 132.999998 133.999997 134.999998 135.999997 136.999998 137.999997 138.999998 139.999997 140.999997 141.999997 142.999997 143.999997 144.999997 145.999997 146.999997 147.999997 148.999997 149.999997 150.999997 151.999997 152.999997 153.999997 154.999997 155.999997 156.999997 157.999997 158.999997 159.999997 160.999997 161.999995 162.999993 163.999983 164.999958 165.999878 166.999680 167.999094 168.997730 169.994013 170.985890 171.965565 172.924019 173.828906 174.647790 175.269713 175.601677 175.334767 174.265806 171.714008 167.373743 160.103768 149.696971 134.811950 115.775022 91.748341 63.950147 32.749357 0.000000 
0.000000 17.250166 33.754560 48.620732 61.670606 72.318146 80.966239 87.458341 92.439883 96.011005 98.720913 100.716991 102.326871 103.648473 104.830463 105.917649 106.963430 107.983428 108.993210 109.997120 110.998909 111.999565 112.999847 113.999942 114.999981 115.999993 116.999997 117.999999 118.999999 119.999999 120.999999 121.999999 122.999999 123.999999 124.999999 125.999999 126.999999 127.999999 128.999999 129.999999 130.999999 131.999999 132.999999 133.999999 134.999999 135.999999 136.999999 137.999999 138.999999 139.999999 140.999999 141.999999 142.999999 143.999999 144.999999 145.999999 146.999999 147.999999 148.999999 149.999999 150.999999 151.999999 152.999999 153.999999 154.999999 155.999999 156.999999 157.999999 158.999999 159.999999 160.999999 161.999999 162.999998 163.999995 164.999986 165.999958 166.999886 167.999664 168.999132 169.997622 170.994213 171.985308 172.966475 173.921385 174.832383 175.637727 176.280494 176.569391 176.360852 175.179252 172.759143 168.180355 161.143027 150.335670 135.756015 116.202788 92.434633 64.158758 33.003745 0.000000 
0.000000 17.465394 34.035643 49.211483 62.204740 73.156678 81.700530 88.417481 93.309136 97.010180 99.666125 101.722317 103.307438 104.651688 105.824634 106.918862 107.961948 108.983773 109.992889 110.997199 111.998849 112.999580 113.999838 114.999945 115.999980 116.999994 117.999998 118.999999 120.000000 121.000000 122.000000 123.000000 124.000000 125.000000 126.000000 127.000000 128.000000 129.000000 130.000000 131.000000 132.000000 133.000000 134.000000 135.000000 136.000000 137.000000 138.000000 139.000000 140.000000 141.000000 142.000000 143.000000 144.000000 145.000000 146.000000 147.000000 148.000000 149.000000 150.000000 151.000000 152.000000 153.000000 154.000000 155.000000 156.000000 157.000000 158.000000 159.000000 160.000000 161.000000 162.000000 162.999999 163.999998 164.999996 165.999986 166.999961 167.999880 168.999680 169.999088 170.997709 171.993953 172.985743 173.965203 174.923218 175.827098 176.644065 177.261987 177.586880 177.306562 176.215705 173.626318 169.229539 161.872045 151.344539 136.291418 117.042461 92.750947 64.648017 33.106484 0.000000 
0.000000 17.607293 34.452430 49.623337 62.938043 73.797611 82.613805 89.226615 94.295676 97.923311 100.670809 102.688783 104.312071 105.640743 106.826735 107.915839 108.962626 109.983064 110.993061 111.997057 112.998885 113.999556 114.999844 115.999942 116.999981 117.999993 118.999998 119.999999 121.000000 122.000000 123.000000 124.000000 125.000000 126.000000 127.000000 128.000000 129.000000 130.000000 131.000000 132.000000 133.000000 134.000000 135.000000 136.000000 137.000000 138.000000 139.000000 140.000000 141.000000 142.000000 143.000000 144.000000 145.000000 146.000000 147.000000 148.000000 149.000000 150.000000 151.000000 152.000000 153.000000 154.000000 155.000000 156.000000 157.000000 158.000000 159.000000 160.000000 161.000000 162.000000 163.000000 163.999999 164.999999 165.999995 166.999987 167.999958 168.999886 169.999662 170.999124 171.997598 172.994153 173.985154 174.966123 175.920558 176.830619 177.633913 178.272920 178.554330 178.333068 177.128501 174.672388 170.034870 162.912937 151.981286 137.237635 117.468055 93.439187 64.855148 33.361671 0.000000 
0.000000 17.823319 34.732033 50.216037 63.470006 74.638297 83.346145 90.187390 95.163651 98.923424 101.615372 103.694532 105.292376 106.644112 107.820820 108.917097 109.961120 110.983420 111.992735 112.997138 113.998825 114.999571 115.999834 116.999944 117.999980 118.999994 119.999998 120.999999 122.000000 123.000000 124.000000 125.000000 126.000000 127.000000 128.000000 129.000000 130.000000 131.000000 132.000000 133.000000 134.000000 135.000000 136.000000 137.000000 138.000000 139.000000 140.000000 141.000000 142.000000 143.000000 144.000000 145.000000 146.000000 147.000000 148.000000 149.000000 150.000000 151.000000 152.000000 153.000000 154.000000 155.000000 156.000000 157.000000 158.000000 159.000000 160.000000 161.000000 162.000000 163.000000 164.000000 165.000000 165.999999 166.999996 167.999986 168.999960 169.999879 170.999676 171.999078 172.997685 173.993890 174.985594 175.964839 176.922414 177.825287 178.640337 179.254258 179.572081 179.278354 178.165601 175.538624 171.085333 163.640319 152.992105 137.770884 118.309899 93.753551 65.345887 33.463610 0.000000 
0.000000 17.964419 35.150299 50.625941 64.205480 75.277077 84.261371 90.994889 96.151469 99.835618 102.620705 104.660574 106.297271 107.633014 108.823007 109.914028 110.961822 111.982699 112.992912 113.996994 114.998861 115.999547 116.999841 117.999940 118.999981 119.999993 120.999998 121.999999 123.000000 124.000000 125.000000 126.000000 127.000000 128.000000 129.000000 130.000000 131.000000 132.000000 133.000000 134.000000 135.000000 136.000000 137.000000 138.000000 139.000000 140.000000 141.000000 142.000000 143.000000 144.000000 145.000000 146.000000 147.000000 148.000000 149.000000 150.000000 151.000000 152.000000 153.000000 154.000000 155.000000 156.000000 157.000000 158.000000 159.000000 160.000000 161.000000 162.000000 163.000000 164.000000 165.000000 166.000000 166.999999 167.999995 168.999987 169.999958 170.999884 171.999658 172.999115 173.997573 174.994092 175.984999 176.965770 177.919730 178.828854 179.630099 180.265345 180.539268 180.305283 179.077748 176.585632 171.889385 164.682846 153.626902 138.719254 118.733321 94.443742 65.551538 33.719597 0.000000 
0.000000 18.181245 35.428423 51.220591 64.735272 76.119916 84.991760 91.957299 97.018166 100.836668 103.564620 105.666747 107.277314 108.636537 109.817006 110.915332 111.960292 112.983067 113.992580 114.997078 115.998800 116.999562 117.999831 118.999943 119.999979 120.999993 121.999998 122.999999 124.000000 125.000000 126.000000 127.000000 128.000000 129.000000 130.000000 131.000000 132.000000 133.000000 134.000000 135.000000 136.000000 137.000000 138.000000 139.000000 140.000000 141.000000 142.000000 143.000000 144.000000 145.000000 146.000000 147.000000 148.000000 149.000000 150.000000 151.000000 152.000000 153.000000 154.000000 155.000000 156.000000 157.000000 158.000000 159.000000 160.000000 161.000000 162.000000 163.000000 164.000000 165.000000 166.000000 167.000000 167.999999 168.999996 169.999986 170.999960 171.999877 172.999673 173.999069 174.997661 175.993827 176.985445 177.964475 178.921610 179.823476 180.636609 181.246528 181.557281 181.250145 180.115497 177.450930 172.941126 165.408593 154.639671 139.250349 119.577336 94.756156 66.043756 33.820737 0.000000 
0.000000 18.321546 35.848168 51.628546 65.472918 76.756542 85.908937 92.763163 98.007263 101.747924 104.570601 106.632366 108.282472 109.625284 110.819279 111.912217 112.961018 113.982335 114.992762 115.996931 116.998837 117.999537 118.999837 119.999939 120.999980 121.999993 122.999998 123.999999 125.000000 126.000000 127.000000 128.000000 129.000000 130.000000 131.000000 132.000000 133.000000 134.000000 135.000000 136.000000 137.000000 138.000000 139.000000 140.000000 141.000000 142.000000 143.000000 144.000000 145.000000 146.000000 147.000000 148.000000 149.000000 150.000000 151.000000 152.000000 153.000000 154.000000 155.000000 156.000000 157.000000 158.000000 159.000000 160.000000 161.000000 162.000000 163.000000 164.000000 165.000000 166.000000 167.000000 168.000000 168.999999 169.999995 170.999987 171.999957 172.999883 173.999655 174.999106 175.997548 176.994031 177.984844 178.965417 179.918903 180.827089 181.626284 182.257769 182.524205 182.277498 181.026996 178.498877 173.743900 166.452755 155.272517 140.200873 119.998587 95.448296 66.247929 34.077522 0.000000 
0.000000 18.539170 36.124813 52.225145 66.000539 77.601535 86.637375 93.727208 98.872680 102.749912 105.513867 107.638962 109.262252 110.628962 111.813191 112.913567 113.959465 114.982714 115.992425 116.997017 117.998775 118.999553 119.999827 120.999942 121.999979 122.999993 123.999998 124.999999 126.000000 127.000000 128.000000 129.000000 130.000000 131.000000 132.000000 133.000000 134.000000 135.000000 136.000000 137.000000 138.000000 139.000000 140.000000 141.000000 142.000000 143.000000 144.000000 145.000000 146.000000 147.000000 148.000000 149.000000 150.000000 151.000000 152.000000 153.000000 154.000000 155.000000 156.000000 157.000000 158.000000 159.000000 160.000000 161.000000 162.000000 163.000000 164.000000 165.000000 166.000000 167.000000 168.000000 169.000000 169.999999 170.999996 171.999986 172.999960 173.999876 174.999670 175.999059 176.997637 177.993763 178.985296 179.964110 180.920806 181.821665 182.632881 183.238798 183.542481 183.221936 182.065393 179.363237 174.796919 167.176868 156.287237 140.729814 120.844773 95.758760 66.741625 34.177863 0.000000 
0.000000 18.678672 36.546037 52.631150 66.740355 78.236008 87.556503 94.531437 99.863056 103.660230 106.520497 108.604157 110.267672 111.617554 112.815551 113.910406 114.960213 115.981970 116.992613 117.996867 118.998813 119.999527 120.999834 121.999938 122.999980 123.999993 124.999998 125.999999 127.000000 128.000000 129.000000 130.000000 131.000000 132.000000 133.000000 134.000000 135.000000 136.000000 137.000000 138.000000 139.000000 140.000000 141.000000 142.000000 143.000000 144.000000 145.000000 146.000000 147.000000 148.000000 149.000000 150.000000 151.000000 152.000000 153.000000 154.000000 155.000000 156.000000 157.000000 158.000000 159.000000 160.000000 161.000000 162.000000 163.000000 164.000000 165.000000 166.000000 167.000000 168.000000 169.000000 170.000000 170.999999 171.999995 172.999986 173.999957 174.999882 175.999651 176.999097 177.997523 178.993970 179.984690 180.965064 181.918075 182.825324 183.622470 184.250194 184.509143 184.249713 182.976244 180.412121 175.598414 168.222664 156.918132 141.682492 121.263854 96.452850 66.944319 34.435448 0.000000 
0.000000 18.897096 36.821203 53.229699 67.265805 79.083154 88.282990 95.497117 100.727195 104.663156 107.463115 109.611177 111.247190 112.621386 113.809377 114.911802 115.958637 116.982361 117.992271 118.996956 119.998750 120.999544 121.999824 122.999940 123.999978 124.999993 125.999998 126.999999 128.000000 129.000000 130.000000 131.000000 132.000000 133.000000 134.000000 135.000000 136.000000 137.000000 138.000000 139.000000 140.000000 141.000000 142.000000 143.000000 144.000000 145.000000 146.000000 147.000000 148.000000 149.000000 150.000000 151.000000 152.000000 153.000000 154.000000 155.000000 156.000000 157.000000 158.000000 159.000000 160.000000 161.000000 162.000000 163.000000 164.000000 165.000000 166.000000 167.000000 168.000000 169.000000 170.000000 171.000000 171.999999 172.999996 173.999986 174.999959 175.999875 176.999666 177.999050 178.997613 179.993700 180.985146 181.963746 182.920001 183.819854 184.629153 185.231068 185.527681 185.193728 184.015289 181.275543 176.652712 168.945142 157.934803 142.209280 122.112210 96.761364 67.439494 34.534989 0.000000 
